20  5
7
	0	77	1	39	2	14	3	11	4	83
	0	94	1	31	2	21	3	2	4	13
	0	9	1	46	2	15	3	36	4	84
	0	57	1	18	2	10	3	30	4	46
	0	29	1	93	2	85	3	89	4	20
	0	79	1	58	2	46	3	10	4	33
	0	55	1	85	2	42	3	88	4	74
	0	73	1	58	2	18	3	22	4	42
	0	65	1	97	2	36	3	31	4	33
	0	86	1	10	2	2	3	9	4	71
	0	25	1	79	2	44	3	43	4	32
	0	39	1	93	2	89	3	91	4	48
	0	76	1	2	2	6	3	26	4	42
	0	24	1	87	2	3	3	3	4	99
	0	38	1	17	2	1	3	75	4	7
	0	5	1	18	2	43	3	99	4	54
	0	91	1	10	2	81	3	63	4	8
	0	29	1	50	2	57	3	83	4	73
	0	22	1	8	2	76	3	70	4	30
	0	27	1	26	2	59	3	84	4	75

	3	2	5	4	5	5	8	1	7	6	5	1	2	4	7	8	2	3	6	2	
	1	4	5	8	1	5	7	4	5	1	6	3	1	1	4	7	7	2	7	1	
	163	184	214	184	208	169	156	187	172	195	224	203	230	225	184	258	226	219	197	215	
	226	197	219	252	250	242	226	195	224	215	262	267	251	250	208	263	239	279	271	247	