20  5
7
	0	26	1	59	2	78	3	88	4	69
	0	38	1	62	2	90	3	54	4	30
	0	27	1	44	2	64	3	47	4	61
	0	88	1	10	2	49	3	83	4	35
	0	95	1	23	2	47	3	84	4	53
	0	55	1	64	2	20	3	9	4	98
	0	54	1	47	2	61	3	30	4	94
	0	63	1	68	2	93	3	11	4	33
	0	23	1	54	2	36	3	92	4	77
	0	45	1	9	2	47	3	63	4	31
	0	86	1	30	2	70	3	62	4	54
	0	43	1	31	2	54	3	75	4	71
	0	43	1	92	2	87	3	48	4	78
	0	40	1	7	2	13	3	23	4	9
	0	37	1	14	2	40	3	85	4	79
	0	54	1	95	2	34	3	23	4	51
	0	35	1	76	2	55	3	4	4	76
	0	59	1	82	2	13	3	31	4	56
	0	43	1	91	2	11	3	13	4	80
	0	50	1	37	2	5	3	98	4	72

	7	7	2	8	4	7	3	8	4	6	7	8	5	4	2	2	5	5	5	7	
	3	1	1	3	1	5	2	3	6	7	6	1	2	3	4	6	8	4	5	8	
	169	234	202	184	175	219	193	209	234	179	160	199	246	207	186	247	241	216	216	172	
	237	309	246	215	230	237	218	217	243	250	238	285	282	212	257	262	297	239	276	253	