100  5
7
	0	73	1	34	2	8	3	62	4	10
	0	84	1	46	2	37	3	86	4	60
	0	57	1	97	2	38	3	46	4	34
	0	52	1	88	2	30	3	3	4	96
	0	66	1	52	2	20	3	22	4	79
	0	67	1	49	2	68	3	33	4	62
	0	33	1	88	2	4	3	90	4	6
	0	62	1	15	2	78	3	94	4	15
	0	65	1	55	2	41	3	98	4	94
	0	7	1	6	2	2	3	9	4	39
	0	6	1	77	2	62	3	84	4	85
	0	31	1	49	2	38	3	69	4	17
	0	42	1	46	2	95	3	26	4	55
	0	82	1	14	2	82	3	22	4	59
	0	48	1	35	2	96	3	49	4	48
	0	45	1	40	2	56	3	90	4	11
	0	79	1	1	2	61	3	81	4	63
	0	86	1	70	2	34	3	12	4	98
	0	10	1	46	2	1	3	54	4	33
	0	47	1	28	2	9	3	53	4	49
	0	67	1	73	2	57	3	18	4	41
	0	86	1	24	2	80	3	56	4	82
	0	64	1	44	2	58	3	43	4	12
	0	38	1	55	2	7	3	50	4	61
	0	13	1	94	2	56	3	82	4	94
	0	69	1	52	2	31	3	18	4	80
	0	4	1	40	2	92	3	89	4	84
	0	21	1	76	2	84	3	49	4	18
	0	25	1	92	2	25	3	20	4	68
	0	74	1	22	2	20	3	76	4	6
	0	11	1	46	2	65	3	90	4	98
	0	85	1	19	2	36	3	64	4	47
	0	50	1	18	2	67	3	89	4	6
	0	21	1	50	2	96	3	16	4	55
	0	93	1	31	2	35	3	3	4	73
	0	98	1	41	2	59	3	12	4	70
	0	91	1	51	2	76	3	45	4	56
	0	26	1	73	2	66	3	67	4	46
	0	4	1	22	2	83	3	97	4	50
	0	28	1	21	2	37	3	80	4	90
	0	61	1	79	2	33	3	97	4	89
	0	8	1	93	2	2	3	92	4	88
	0	55	1	98	2	95	3	56	4	50
	0	68	1	89	2	20	3	50	4	99
	0	30	1	44	2	84	3	95	4	41
	0	26	1	64	2	43	3	25	4	36
	0	81	1	93	2	4	3	52	4	16
	0	95	1	66	2	44	3	21	4	84
	0	49	1	14	2	74	3	47	4	98
	0	6	1	10	2	92	3	4	4	44
	0	82	1	36	2	55	3	67	4	42
	0	71	1	36	2	98	3	62	4	43
	0	61	1	69	2	8	3	63	4	62
	0	84	1	79	2	30	3	25	4	49
	0	29	1	90	2	18	3	3	4	22
	0	44	1	51	2	28	3	55	4	16
	0	83	1	81	2	54	3	87	4	14
	0	12	1	16	2	68	3	84	4	55
	0	54	1	28	2	42	3	28	4	45
	0	19	1	26	2	28	3	73	4	20
	0	52	1	97	2	12	3	8	4	35
	0	59	1	33	2	57	3	38	4	89
	0	74	1	77	2	81	3	80	4	7
	0	42	1	68	2	19	3	53	4	64
	0	60	1	28	2	16	3	70	4	36
	0	43	1	46	2	88	3	9	4	5
	0	80	1	16	2	75	3	87	4	63
	0	34	1	96	2	11	3	33	4	8
	0	74	1	59	2	57	3	11	4	76
	0	46	1	56	2	99	3	65	4	95
	0	40	1	4	2	4	3	92	4	40
	0	27	1	52	2	51	3	34	4	51
	0	79	1	89	2	26	3	64	4	98
	0	1	1	84	2	6	3	96	4	77
	0	98	1	42	2	16	3	67	4	92
	0	44	1	37	2	71	3	54	4	35
	0	8	1	90	2	52	3	26	4	3
	0	55	1	51	2	96	3	32	4	56
	0	55	1	84	2	89	3	10	4	1
	0	27	1	16	2	79	3	91	4	17
	0	69	1	39	2	91	3	90	4	70
	0	79	1	16	2	57	3	31	4	45
	0	97	1	37	2	2	3	7	4	87
	0	39	1	19	2	33	3	6	4	37
	0	54	1	15	2	42	3	77	4	70
	0	75	1	68	2	1	3	91	4	84
	0	88	1	7	2	40	3	42	4	69
	0	87	1	58	2	76	3	5	4	7
	0	97	1	47	2	85	3	46	4	5
	0	4	1	27	2	99	3	54	4	97
	0	79	1	82	2	65	3	56	4	47
	0	59	1	72	2	98	3	1	4	12
	0	7	1	1	2	78	3	24	4	54
	0	89	1	7	2	61	3	62	4	84
	0	61	1	22	2	83	3	47	4	49
	0	42	1	40	2	30	3	63	4	89
	0	79	1	59	2	14	3	39	4	86
	0	85	1	16	2	62	3	63	4	37
	0	66	1	7	2	41	3	95	4	52
	0	99	1	72	2	91	3	45	4	85

	1	5	2	4	8	5	4	5	3	6	5	2	4	1	6	2	5	7	3	3	5	4	5	6	8	7	6	3	6	4	7	6	8	3	3	4	4	6	1	6	7	8	1	4	4	1	8	4	8	1	8	7	3	7	2	7	8	8	2	4	4	2	8	5	8	5	5	6	6	7	8	4	7	7	6	8	1	8	3	2	4	6	8	6	2	3	4	8	5	7	7	8	7	8	3	5	8	7	6	7	
	2	7	8	2	6	2	5	6	2	2	7	7	4	1	2	5	4	3	8	3	1	7	1	7	6	4	6	1	1	1	2	4	5	3	6	4	4	2	4	3	4	3	4	4	8	1	1	3	5	3	8	2	1	1	4	7	8	5	4	7	2	5	8	5	2	6	3	2	7	5	3	7	3	3	7	7	7	3	7	2	6	1	3	8	8	3	4	1	7	4	2	3	1	6	2	5	7	2	4	7	
	274	752	294	379	522	479	346	540	762	432	408	458	394	726	199	436	382	439	573	506	285	793	500	643	258	242	220	348	310	153	375	562	478	302	205	721	747	303	325	271	267	586	795	253	497	426	354	681	394	409	245	485	180	536	458	473	393	587	660	380	682	475	706	583	588	595	292	397	301	296	811	433	365	331	361	559	694	385	549	553	352	451	229	488	331	403	190	236	361	650	196	248	610	253	260	167	180	709	328	430	
	651	872	526	565	647	705	856	1054	968	707	761	893	1006	820	400	903	452	570	949	844	546	913	1063	979	565	455	486	766	579	444	634	1089	1247	596	549	757	841	445	903	688	505	797	817	415	973	780	500	1054	1090	645	541	533	412	991	570	503	826	1125	786	671	906	614	790	781	1079	1093	427	504	736	853	870	864	757	753	579	1132	792	1045	744	822	677	1263	486	932	718	807	445	667	705	879	405	443	962	642	383	411	439	843	784	1070	