20  5
7
	0	61	1	27	2	42	3	13	4	55
	0	86	1	92	2	93	3	47	4	48
	0	16	1	8	2	32	3	6	4	56
	0	42	1	65	2	30	3	70	4	84
	0	14	1	34	2	16	3	19	4	22
	0	92	1	6	2	95	3	97	4	51
	0	67	1	42	2	58	3	41	4	43
	0	77	1	39	2	12	3	1	4	50
	0	46	1	2	2	95	3	57	4	62
	0	41	1	7	2	21	3	60	4	61
	0	78	1	85	2	74	3	62	4	10
	0	3	1	32	2	38	3	14	4	87
	0	72	1	14	2	4	3	90	4	99
	0	95	1	74	2	31	3	76	4	40
	0	53	1	59	2	62	3	12	4	91
	0	59	1	95	2	39	3	89	4	64
	0	34	1	48	2	97	3	37	4	62
	0	66	1	37	2	57	3	35	4	53
	0	42	1	59	2	9	3	91	4	33
	0	63	1	4	2	54	3	69	4	16

	5	3	1	7	4	3	4	5	3	6	5	8	4	7	6	2	7	4	8	1	
	3	1	4	1	1	5	2	4	8	5	7	8	4	2	7	8	2	5	8	3	
	219	241	266	229	227	229	179	208	214	230	217	204	182	196	179	217	255	225	204	247	
	298	256	299	326	269	280	243	242	253	258	254	228	240	293	245	226	316	327	236	286	