50  5
4
	0	37	1	77	2	91	3	91	4	5
	0	5	1	64	2	36	3	7	4	73
	0	8	1	66	2	63	3	40	4	99
	0	37	1	33	2	69	3	92	4	23
	0	71	1	47	2	83	3	47	4	83
	0	65	1	67	2	29	3	49	4	9
	0	13	1	61	2	33	3	87	4	89
	0	35	1	99	2	97	3	76	4	94
	0	52	1	54	2	1	3	49	4	84
	0	63	1	66	2	74	3	41	4	97
	0	58	1	57	2	74	3	29	4	99
	0	13	1	65	2	53	3	27	4	43
	0	69	1	24	2	74	3	14	4	71
	0	35	1	30	2	54	3	68	4	86
	0	9	1	95	2	21	3	9	4	51
	0	90	1	40	2	41	3	69	4	22
	0	57	1	85	2	92	3	94	4	2
	0	90	1	46	2	2	3	51	4	60
	0	55	1	46	2	83	3	64	4	17
	0	36	1	55	2	63	3	67	4	81
	0	84	1	39	2	87	3	47	4	6
	0	31	1	22	2	37	3	66	4	40
	0	50	1	41	2	64	3	27	4	32
	0	44	1	41	2	65	3	49	4	82
	0	38	1	40	2	40	3	92	4	63
	0	12	1	19	2	77	3	74	4	50
	0	57	1	56	2	1	3	59	4	74
	0	70	1	16	2	12	3	36	4	36
	0	92	1	48	2	54	3	79	4	56
	0	1	1	38	2	39	3	16	4	10
	0	72	1	25	2	24	3	43	4	24
	0	94	1	2	2	79	3	4	4	82
	0	96	1	99	2	47	3	3	4	90
	0	78	1	67	2	80	3	11	4	29
	0	30	1	94	2	40	3	13	4	99
	0	46	1	50	2	44	3	95	4	38
	0	60	1	26	2	58	3	64	4	7
	0	95	1	54	2	20	3	38	4	77
	0	82	1	67	2	50	3	32	4	50
	0	94	1	57	2	16	3	76	4	4
	0	62	1	18	2	99	3	66	4	11
	0	7	1	8	2	22	3	37	4	73
	0	51	1	81	2	33	3	28	4	16
	0	44	1	49	2	60	3	7	4	27
	0	31	1	96	2	87	3	2	4	98
	0	40	1	18	2	55	3	88	4	30
	0	29	1	50	2	70	3	92	4	51
	0	78	1	46	2	93	3	58	4	77
	0	57	1	22	2	52	3	24	4	54
	0	42	1	48	2	41	3	2	4	92

	4	4	3	3	3	2	3	4	3	5	1	5	3	1	1	7	2	4	2	1	2	8	8	6	1	3	5	5	2	3	5	2	7	5	7	3	2	7	6	2	3	8	4	5	7	1	3	1	8	6	
	3	7	2	2	7	2	5	5	6	3	3	8	2	2	7	7	6	3	2	4	1	7	5	2	8	6	8	5	7	4	8	3	2	3	8	2	5	8	6	6	6	2	3	4	2	2	2	5	8	5	
	453	510	563	385	420	449	699	564	369	701	499	637	439	616	643	504	508	365	465	635	526	489	512	490	654	585	699	555	409	568	427	520	303	399	573	523	637	341	456	433	527	545	533	635	512	363	567	704	424	354	
	932	915	783	1088	777	743	804	683	876	809	947	655	957	662	662	864	785	985	796	872	711	912	798	792	713	722	797	893	957	945	802	969	901	884	796	698	827	916	862	925	763	918	934	650	746	839	751	759	933	1061	