20  5
4
	0	26	1	59	2	78	3	88	4	69
	0	38	1	62	2	90	3	54	4	30
	0	27	1	44	2	64	3	47	4	61
	0	88	1	10	2	49	3	83	4	35
	0	95	1	23	2	47	3	84	4	53
	0	55	1	64	2	20	3	9	4	98
	0	54	1	47	2	61	3	30	4	94
	0	63	1	68	2	93	3	11	4	33
	0	23	1	54	2	36	3	92	4	77
	0	45	1	9	2	47	3	63	4	31
	0	86	1	30	2	70	3	62	4	54
	0	43	1	31	2	54	3	75	4	71
	0	43	1	92	2	87	3	48	4	78
	0	40	1	7	2	13	3	23	4	9
	0	37	1	14	2	40	3	85	4	79
	0	54	1	95	2	34	3	23	4	51
	0	35	1	76	2	55	3	4	4	76
	0	59	1	82	2	13	3	31	4	56
	0	43	1	91	2	11	3	13	4	80
	0	50	1	37	2	5	3	98	4	72

	8	2	1	5	7	3	5	1	1	5	5	4	3	4	7	8	2	2	1	4	
	7	8	8	1	4	6	7	6	6	1	2	2	1	1	6	6	4	1	1	7	
	330	297	302	313	256	277	237	269	229	258	308	266	289	331	321	336	297	264	293	270	
	379	380	329	406	289	311	284	289	294	383	334	323	429	370	405	369	346	327	329	329	