20  5
4
	0	53	1	93	2	90	3	65	4	64
	0	19	1	79	2	92	3	97	4	38
	0	99	1	88	2	35	3	27	4	44
	0	62	1	77	2	13	3	25	4	46
	0	88	1	94	2	75	3	61	4	66
	0	93	1	39	2	55	3	24	4	31
	0	34	1	74	2	80	3	97	4	48
	0	72	1	46	2	67	3	61	4	27
	0	42	1	17	2	3	3	75	4	82
	0	65	1	30	2	93	3	92	4	51
	0	39	1	62	2	54	3	73	4	90
	0	79	1	77	2	67	3	21	4	63
	0	9	1	43	2	25	3	29	4	85
	0	26	1	98	2	77	3	3	4	36
	0	72	1	48	2	38	3	96	4	69
	0	29	1	14	2	98	3	51	4	67
	0	36	1	45	2	96	3	26	4	81
	0	48	1	25	2	20	3	44	4	18
	0	57	1	98	2	15	3	56	4	81
	0	95	1	30	2	36	3	31	4	72

	2	4	4	3	6	7	5	3	3	5	4	1	4	8	1	5	1	8	5	1	
	1	7	4	7	5	3	8	6	8	8	7	5	7	7	2	7	2	2	8	6	
	318	389	366	343	323	386	409	349	329	369	381	405	397	401	372	359	406	353	300	405	
	467	436	512	446	410	465	463	396	402	382	533	436	484	442	543	456	517	473	445	419	