20  5
4
	0	53	1	93	2	90	3	65	4	64
	0	19	1	79	2	92	3	97	4	38
	0	99	1	88	2	35	3	27	4	44
	0	62	1	77	2	13	3	25	4	46
	0	88	1	94	2	75	3	61	4	66
	0	93	1	39	2	55	3	24	4	31
	0	34	1	74	2	80	3	97	4	48
	0	72	1	46	2	67	3	61	4	27
	0	42	1	17	2	3	3	75	4	82
	0	65	1	30	2	93	3	92	4	51
	0	39	1	62	2	54	3	73	4	90
	0	79	1	77	2	67	3	21	4	63
	0	9	1	43	2	25	3	29	4	85
	0	26	1	98	2	77	3	3	4	36
	0	72	1	48	2	38	3	96	4	69
	0	29	1	14	2	98	3	51	4	67
	0	36	1	45	2	96	3	26	4	81
	0	48	1	25	2	20	3	44	4	18
	0	57	1	98	2	15	3	56	4	81
	0	95	1	30	2	36	3	31	4	72

	5	1	7	8	1	3	3	5	1	3	3	6	5	3	2	7	7	3	7	8	
	4	6	2	6	2	4	5	3	6	1	6	6	3	1	2	1	6	4	8	2	
	278	250	329	244	349	302	290	286	270	259	239	335	235	273	272	281	297	300	298	336	
	287	305	339	328	357	379	323	338	307	316	279	356	322	299	290	382	359	312	423	351	