20  5
4
	0	61	1	27	2	42	3	13	4	55
	0	86	1	92	2	93	3	47	4	48
	0	16	1	8	2	32	3	6	4	56
	0	42	1	65	2	30	3	70	4	84
	0	14	1	34	2	16	3	19	4	22
	0	92	1	6	2	95	3	97	4	51
	0	67	1	42	2	58	3	41	4	43
	0	77	1	39	2	12	3	1	4	50
	0	46	1	2	2	95	3	57	4	62
	0	41	1	7	2	21	3	60	4	61
	0	78	1	85	2	74	3	62	4	10
	0	3	1	32	2	38	3	14	4	87
	0	72	1	14	2	4	3	90	4	99
	0	95	1	74	2	31	3	76	4	40
	0	53	1	59	2	62	3	12	4	91
	0	59	1	95	2	39	3	89	4	64
	0	34	1	48	2	97	3	37	4	62
	0	66	1	37	2	57	3	35	4	53
	0	42	1	59	2	9	3	91	4	33
	0	63	1	4	2	54	3	69	4	16

	7	8	5	1	1	4	3	4	4	2	6	1	4	4	6	8	6	8	8	7	
	2	2	6	5	7	1	8	5	3	4	2	5	7	8	5	4	6	8	1	5	
	357	257	290	353	254	268	289	235	302	228	331	332	187	228	355	384	302	307	300	375	
	444	494	554	389	639	513	457	472	562	482	408	543	533	576	465	474	411	471	469	499	