20  5
4
	0	54	1	79	2	16	3	66	4	58
	0	83	1	3	2	89	3	58	4	56
	0	15	1	11	2	49	3	31	4	20
	0	71	1	99	2	15	3	68	4	85
	0	77	1	56	2	89	3	78	4	53
	0	36	1	70	2	45	3	91	4	35
	0	53	1	99	2	60	3	13	4	53
	0	38	1	60	2	23	3	59	4	41
	0	27	1	5	2	57	3	49	4	69
	0	87	1	56	2	64	3	85	4	13
	0	76	1	3	2	7	3	85	4	86
	0	91	1	61	2	1	3	9	4	72
	0	14	1	73	2	63	3	39	4	8
	0	29	1	75	2	41	3	41	4	49
	0	12	1	47	2	63	3	56	4	47
	0	77	1	14	2	47	3	40	4	87
	0	32	1	21	2	26	3	54	4	58
	0	87	1	86	2	75	3	77	4	18
	0	68	1	5	2	77	3	51	4	68
	0	94	1	77	2	40	3	31	4	28

	7	7	4	7	1	8	8	5	8	4	6	5	2	3	3	3	4	7	6	4	
	8	6	5	7	7	7	1	1	8	8	6	1	5	3	7	4	4	1	6	7	
	321	365	352	395	391	380	382	420	381	383	454	380	385	370	440	449	437	331	383	332	
	434	420	386	420	498	412	471	475	445	526	477	453	449	423	464	476	455	480	497	420	