500  20
4
	0	37	1	41	2	89	3	99	4	55	5	46	6	33	7	38	8	99	9	87	10	26	11	86	12	67	13	26	14	96	15	44	16	76	17	99	18	60	19	44
	0	1	1	5	2	63	3	58	4	96	5	24	6	30	7	36	8	60	9	95	10	9	11	34	12	10	13	78	14	5	15	20	16	84	17	59	18	48	19	99
	0	35	1	39	2	22	3	44	4	36	5	56	6	37	7	80	8	29	9	90	10	72	11	74	12	34	13	93	14	74	15	56	16	31	17	43	18	41	19	25
	0	78	1	8	2	88	3	43	4	74	5	81	6	41	7	71	8	5	9	9	10	35	11	45	12	61	13	93	14	5	15	59	16	98	17	66	18	78	19	20
	0	18	1	28	2	46	3	43	4	71	5	58	6	94	7	99	8	39	9	13	10	45	11	62	12	15	13	46	14	25	15	60	16	34	17	90	18	38	19	46
	0	86	1	50	2	25	3	70	4	75	5	57	6	44	7	66	8	59	9	54	10	33	11	35	12	45	13	19	14	55	15	38	16	67	17	24	18	20	19	27
	0	55	1	8	2	95	3	73	4	87	5	40	6	18	7	80	8	5	9	88	10	49	11	10	12	91	13	19	14	64	15	84	16	13	17	81	18	30	19	45
	0	7	1	62	2	65	3	22	4	27	5	54	6	7	7	88	8	74	9	72	10	77	11	31	12	85	13	30	14	39	15	55	16	32	17	68	18	79	19	93
	0	22	1	96	2	56	3	1	4	61	5	24	6	9	7	26	8	1	9	78	10	13	11	85	12	82	13	48	14	63	15	52	16	85	17	16	18	57	19	5
	0	11	1	73	2	3	3	26	4	15	5	99	6	37	7	61	8	85	9	88	10	18	11	14	12	55	13	97	14	89	15	91	16	85	17	42	18	15	19	76
	0	88	1	4	2	35	3	25	4	93	5	35	6	17	7	62	8	26	9	34	10	19	11	96	12	51	13	67	14	28	15	2	16	68	17	98	18	33	19	14
	0	84	1	8	2	55	3	42	4	22	5	45	6	15	7	40	8	23	9	69	10	21	11	76	12	63	13	69	14	45	15	45	16	6	17	15	18	50	19	33
	0	75	1	20	2	71	3	50	4	86	5	77	6	22	7	5	8	49	9	69	10	22	11	60	12	59	13	96	14	25	15	49	16	14	17	5	18	57	19	24
	0	61	1	55	2	82	3	22	4	44	5	49	6	93	7	19	8	54	9	54	10	39	11	18	12	60	13	75	14	24	15	37	16	74	17	99	18	36	19	57
	0	67	1	97	2	56	3	64	4	35	5	51	6	64	7	26	8	62	9	43	10	98	11	90	12	29	13	20	14	46	15	73	16	40	17	70	18	84	19	8
	0	50	1	60	2	43	3	45	4	47	5	21	6	1	7	96	8	93	9	39	10	26	11	88	12	5	13	37	14	32	15	52	16	33	17	20	18	15	19	79
	0	53	1	50	2	73	3	66	4	58	5	86	6	88	7	41	8	89	9	12	10	71	11	34	12	92	13	8	14	83	15	22	16	4	17	18	18	55	19	97
	0	84	1	79	2	45	3	33	4	58	5	61	6	51	7	85	8	92	9	26	10	72	11	58	12	68	13	76	14	98	15	75	16	41	17	57	18	81	19	64
	0	78	1	31	2	68	3	75	4	50	5	44	6	5	7	13	8	21	9	49	10	57	11	96	12	91	13	5	14	86	15	93	16	63	17	40	18	59	19	27
	0	87	1	53	2	96	3	9	4	72	5	5	6	88	7	84	8	13	9	25	10	70	11	97	12	21	13	24	14	92	15	65	16	38	17	89	18	55	19	65
	0	40	1	16	2	69	3	30	4	1	5	52	6	37	7	21	8	37	9	51	10	41	11	99	12	64	13	26	14	40	15	45	16	40	17	26	18	58	19	67
	0	79	1	80	2	31	3	25	4	3	5	12	6	57	7	53	8	89	9	19	10	2	11	87	12	28	13	31	14	57	15	52	16	28	17	72	18	90	19	46
	0	51	1	95	2	27	3	66	4	14	5	83	6	87	7	12	8	94	9	33	10	45	11	80	12	55	13	63	14	61	15	92	16	43	17	60	18	26	19	58
	0	61	1	80	2	89	3	67	4	7	5	27	6	81	7	31	8	26	9	1	10	44	11	9	12	21	13	78	14	38	15	71	16	50	17	45	18	45	19	97
	0	75	1	66	2	96	3	94	4	40	5	13	6	59	7	78	8	78	9	63	10	86	11	1	12	79	13	98	14	5	15	4	16	93	17	26	18	80	19	84
	0	25	1	21	2	78	3	95	4	75	5	1	6	20	7	64	8	54	9	96	10	77	11	4	12	77	13	63	14	71	15	60	16	91	17	42	18	35	19	12
	0	46	1	1	2	33	3	89	4	36	5	33	6	13	7	6	8	62	9	13	10	94	11	81	12	77	13	24	14	2	15	97	16	25	17	49	18	88	19	69
	0	38	1	39	2	6	3	87	4	45	5	11	6	31	7	45	8	45	9	57	10	34	11	8	12	3	13	4	14	55	15	52	16	33	17	65	18	3	19	54
	0	57	1	60	2	44	3	91	4	86	5	47	6	43	7	29	8	41	9	59	10	26	11	15	12	6	13	79	14	65	15	69	16	9	17	18	18	41	19	29
	0	31	1	33	2	38	3	98	4	49	5	68	6	23	7	82	8	8	9	55	10	37	11	2	12	90	13	59	14	31	15	86	16	42	17	61	18	1	19	54
	0	1	1	11	2	55	3	7	4	32	5	1	6	58	7	54	8	29	9	81	10	36	11	28	12	72	13	20	14	67	15	22	16	9	17	68	18	58	19	85
	0	87	1	92	2	5	3	3	4	56	5	70	6	47	7	26	8	83	9	34	10	64	11	31	12	15	13	23	14	26	15	1	16	56	17	40	18	63	19	24
	0	20	1	13	2	34	3	99	4	57	5	55	6	17	7	95	8	84	9	28	10	48	11	33	12	87	13	7	14	54	15	59	16	94	17	64	18	23	19	94
	0	6	1	40	2	45	3	34	4	88	5	80	6	36	7	53	8	45	9	76	10	23	11	15	12	93	13	81	14	98	15	18	16	83	17	88	18	34	19	97
	0	59	1	70	2	75	3	87	4	31	5	24	6	39	7	54	8	7	9	74	10	38	11	18	12	43	13	30	14	78	15	66	16	56	17	90	18	65	19	21
	0	74	1	82	2	33	3	63	4	38	5	89	6	36	7	9	8	60	9	59	10	82	11	68	12	93	13	8	14	2	15	55	16	71	17	6	18	66	19	69
	0	99	1	4	2	57	3	1	4	68	5	20	6	89	7	7	8	95	9	14	10	29	11	39	12	84	13	32	14	80	15	26	16	45	17	97	18	34	19	60
	0	21	1	11	2	28	3	38	4	30	5	12	6	46	7	50	8	79	9	64	10	56	11	74	12	71	13	88	14	79	15	43	16	46	17	74	18	17	19	20
	0	60	1	26	2	96	3	91	4	25	5	74	6	1	7	65	8	53	9	47	10	55	11	88	12	94	13	95	14	33	15	19	16	11	17	2	18	62	19	38
	0	80	1	34	2	72	3	72	4	60	5	11	6	90	7	27	8	74	9	34	10	95	11	43	12	96	13	50	14	98	15	51	16	54	17	63	18	60	19	28
	0	17	1	33	2	57	3	96	4	5	5	36	6	71	7	23	8	28	9	79	10	68	11	34	12	10	13	52	14	11	15	20	16	51	17	34	18	16	19	57
	0	33	1	73	2	81	3	66	4	68	5	54	6	80	7	92	8	63	9	55	10	1	11	19	12	91	13	10	14	41	15	70	16	66	17	85	18	12	19	12
	0	73	1	98	2	2	3	74	4	60	5	7	6	9	7	25	8	72	9	12	10	41	11	85	12	66	13	84	14	38	15	49	16	13	17	6	18	51	19	42
	0	7	1	21	2	26	3	93	4	81	5	6	6	33	7	42	8	43	9	23	10	18	11	59	12	52	13	28	14	22	15	99	16	31	17	75	18	25	19	14
	0	10	1	29	2	71	3	52	4	5	5	57	6	31	7	49	8	77	9	84	10	47	11	35	12	70	13	25	14	68	15	95	16	4	17	96	18	91	19	71
	0	8	1	56	2	33	3	77	4	69	5	8	6	84	7	4	8	34	9	9	10	41	11	16	12	13	13	58	14	96	15	29	16	27	17	97	18	7	19	67
	0	64	1	29	2	15	3	96	4	10	5	37	6	42	7	11	8	98	9	73	10	74	11	71	12	52	13	31	14	90	15	48	16	72	17	27	18	96	19	44
	0	39	1	45	2	14	3	52	4	51	5	58	6	71	7	43	8	17	9	96	10	63	11	3	12	39	13	39	14	81	15	17	16	69	17	85	18	16	19	60
	0	58	1	16	2	9	3	23	4	97	5	19	6	63	7	55	8	40	9	98	10	6	11	90	12	5	13	20	14	13	15	53	16	22	17	23	18	92	19	8
	0	53	1	31	2	5	3	89	4	6	5	37	6	40	7	29	8	61	9	47	10	17	11	49	12	98	13	68	14	20	15	61	16	89	17	79	18	60	19	12
	0	56	1	21	2	33	3	91	4	52	5	72	6	25	7	70	8	71	9	29	10	86	11	31	12	40	13	36	14	17	15	33	16	4	17	77	18	37	19	60
	0	72	1	10	2	28	3	27	4	4	5	75	6	35	7	88	8	20	9	67	10	42	11	55	12	3	13	52	14	24	15	58	16	56	17	26	18	99	19	31
	0	84	1	55	2	95	3	46	4	73	5	17	6	49	7	77	8	76	9	26	10	44	11	41	12	98	13	50	14	87	15	19	16	82	17	97	18	15	19	39
	0	58	1	88	2	23	3	48	4	8	5	43	6	52	7	91	8	7	9	52	10	97	11	56	12	71	13	14	14	36	15	96	16	87	17	69	18	93	19	10
	0	61	1	87	2	28	3	48	4	77	5	76	6	4	7	1	8	18	9	4	10	37	11	2	12	35	13	79	14	77	15	15	16	14	17	80	18	67	19	81
	0	4	1	15	2	20	3	44	4	75	5	74	6	49	7	1	8	51	9	52	10	59	11	83	12	13	13	62	14	61	15	32	16	47	17	78	18	86	19	50
	0	70	1	86	2	30	3	86	4	60	5	63	6	18	7	56	8	71	9	34	10	81	11	66	12	3	13	7	14	60	15	28	16	20	17	67	18	19	19	17
	0	75	1	49	2	76	3	71	4	43	5	74	6	59	7	87	8	28	9	9	10	10	11	4	12	13	13	64	14	68	15	18	16	7	17	57	18	12	19	83
	0	98	1	8	2	95	3	19	4	44	5	45	6	99	7	34	8	13	9	44	10	48	11	65	12	8	13	28	14	55	15	72	16	88	17	38	18	63	19	15
	0	11	1	53	2	33	3	84	4	77	5	67	6	55	7	33	8	52	9	58	10	90	11	24	12	40	13	79	14	56	15	14	16	56	17	60	18	22	19	17
	0	41	1	74	2	49	3	69	4	77	5	93	6	94	7	46	8	45	9	4	10	45	11	88	12	31	13	22	14	92	15	95	16	49	17	22	18	98	19	49
	0	78	1	15	2	67	3	58	4	40	5	62	6	95	7	94	8	23	9	98	10	72	11	22	12	70	13	2	14	49	15	83	16	74	17	45	18	56	19	11
	0	11	1	59	2	51	3	98	4	12	5	54	6	13	7	9	8	51	9	90	10	13	11	43	12	99	13	10	14	47	15	15	16	53	17	70	18	81	19	78
	0	25	1	62	2	45	3	80	4	43	5	31	6	52	7	37	8	14	9	58	10	15	11	37	12	62	13	56	14	82	15	95	16	16	17	12	18	52	19	31
	0	80	1	39	2	58	3	17	4	58	5	92	6	34	7	77	8	1	9	7	10	13	11	78	12	62	13	21	14	55	15	67	16	1	17	82	18	84	19	21
	0	39	1	49	2	68	3	26	4	26	5	78	6	44	7	49	8	19	9	7	10	12	11	22	12	13	13	9	14	46	15	24	16	25	17	84	18	87	19	67
	0	34	1	99	2	50	3	8	4	90	5	10	6	82	7	80	8	42	9	24	10	99	11	11	12	8	13	45	14	51	15	36	16	72	17	61	18	72	19	82
	0	90	1	61	2	60	3	84	4	63	5	30	6	40	7	40	8	95	9	74	10	7	11	85	12	98	13	23	14	91	15	53	16	63	17	29	18	65	19	36
	0	79	1	10	2	60	3	88	4	52	5	1	6	80	7	30	8	27	9	76	10	75	11	15	12	24	13	17	14	37	15	97	16	69	17	50	18	26	19	63
	0	10	1	28	2	93	3	44	4	72	5	78	6	16	7	55	8	62	9	34	10	78	11	90	12	87	13	85	14	73	15	41	16	63	17	87	18	55	19	44
	0	34	1	40	2	43	3	5	4	23	5	25	6	49	7	14	8	25	9	37	10	87	11	48	12	93	13	1	14	83	15	49	16	50	17	78	18	26	19	20
	0	43	1	49	2	38	3	35	4	1	5	70	6	27	7	33	8	24	9	12	10	14	11	34	12	85	13	40	14	27	15	34	16	96	17	56	18	20	19	74
	0	69	1	48	2	49	3	80	4	94	5	25	6	37	7	24	8	62	9	43	10	41	11	17	12	68	13	87	14	44	15	26	16	76	17	3	18	93	19	16
	0	72	1	75	2	8	3	6	4	51	5	17	6	85	7	15	8	6	9	7	10	9	11	32	12	5	13	47	14	80	15	20	16	10	17	55	18	76	19	1
	0	53	1	42	2	3	3	87	4	55	5	53	6	88	7	47	8	48	9	21	10	33	11	47	12	57	13	33	14	22	15	86	16	33	17	93	18	50	19	10
	0	10	1	85	2	16	3	52	4	11	5	75	6	28	7	51	8	68	9	91	10	26	11	94	12	32	13	17	14	87	15	85	16	84	17	11	18	23	19	62
	0	3	1	12	2	61	3	43	4	97	5	19	6	49	7	80	8	93	9	40	10	11	11	41	12	23	13	4	14	24	15	44	16	35	17	3	18	32	19	13
	0	87	1	24	2	46	3	77	4	13	5	63	6	99	7	70	8	75	9	52	10	92	11	14	12	7	13	97	14	75	15	58	16	81	17	76	18	61	19	32
	0	17	1	46	2	64	3	96	4	76	5	80	6	42	7	79	8	48	9	39	10	7	11	80	12	36	13	39	14	68	15	80	16	84	17	7	18	65	19	42
	0	92	1	6	2	54	3	78	4	18	5	7	6	93	7	72	8	14	9	24	10	83	11	55	12	6	13	69	14	92	15	17	16	51	17	44	18	7	19	53
	0	68	1	90	2	68	3	21	4	7	5	8	6	32	7	14	8	15	9	26	10	74	11	18	12	99	13	98	14	5	15	86	16	10	17	42	18	2	19	10
	0	50	1	22	2	52	3	15	4	93	5	70	6	48	7	35	8	57	9	33	10	73	11	96	12	61	13	13	14	94	15	86	16	51	17	35	18	4	19	82
	0	11	1	31	2	99	3	47	4	69	5	40	6	40	7	5	8	73	9	12	10	41	11	27	12	26	13	95	14	64	15	11	16	61	17	94	18	57	19	94
	0	27	1	84	2	71	3	8	4	76	5	92	6	4	7	86	8	43	9	43	10	67	11	16	12	96	13	47	14	5	15	57	16	13	17	62	18	65	19	23
	0	57	1	73	2	41	3	68	4	64	5	93	6	3	7	5	8	50	9	56	10	31	11	32	12	7	13	6	14	77	15	81	16	6	17	43	18	67	19	58
	0	25	1	62	2	7	3	7	4	70	5	46	6	41	7	16	8	99	9	79	10	11	11	85	12	54	13	57	14	23	15	94	16	51	17	81	18	62	19	10
	0	78	1	63	2	21	3	44	4	61	5	72	6	63	7	8	8	39	9	11	10	48	11	7	12	93	13	46	14	22	15	28	16	65	17	89	18	54	19	8
	0	94	1	48	2	8	3	89	4	51	5	2	6	84	7	70	8	16	9	68	10	44	11	39	12	10	13	26	14	90	15	97	16	15	17	96	18	9	19	60
	0	20	1	14	2	30	3	51	4	12	5	76	6	10	7	18	8	11	9	52	10	22	11	59	12	17	13	70	14	37	15	85	16	74	17	15	18	39	19	21
	0	5	1	20	2	57	3	52	4	32	5	30	6	45	7	62	8	25	9	4	10	23	11	92	12	39	13	65	14	53	15	75	16	24	17	22	18	90	19	33
	0	44	1	21	2	21	3	71	4	6	5	64	6	9	7	59	8	63	9	38	10	50	11	42	12	27	13	7	14	1	15	95	16	88	17	34	18	72	19	88
	0	69	1	85	2	8	3	37	4	35	5	91	6	51	7	79	8	6	9	90	10	74	11	74	12	55	13	89	14	8	15	53	16	63	17	90	18	82	19	70
	0	45	1	49	2	40	3	4	4	73	5	10	6	60	7	92	8	69	9	9	10	29	11	11	12	39	13	19	14	67	15	16	16	2	17	63	18	77	19	68
	0	98	1	98	2	47	3	40	4	89	5	27	6	63	7	24	8	7	9	68	10	86	11	1	12	46	13	69	14	93	15	53	16	9	17	71	18	47	19	49
	0	70	1	32	2	92	3	8	4	42	5	58	6	37	7	50	8	21	9	63	10	98	11	87	12	32	13	75	14	54	15	35	16	16	17	40	18	81	19	10
	0	43	1	66	2	69	3	82	4	4	5	83	6	55	7	9	8	67	9	7	10	91	11	52	12	16	13	47	14	10	15	52	16	79	17	79	18	33	19	13
	0	52	1	64	2	86	3	90	4	25	5	81	6	7	7	55	8	5	9	45	10	49	11	35	12	54	13	77	14	57	15	1	16	96	17	45	18	53	19	30
	0	39	1	77	2	99	3	38	4	75	5	71	6	60	7	91	8	86	9	79	10	22	11	99	12	97	13	54	14	79	15	93	16	39	17	76	18	45	19	40
	0	20	1	22	2	22	3	76	4	4	5	8	6	94	7	40	8	59	9	49	10	75	11	96	12	63	13	77	14	41	15	51	16	34	17	22	18	96	19	48
	0	88	1	45	2	6	3	20	4	19	5	69	6	75	7	32	8	32	9	9	10	23	11	50	12	66	13	45	14	10	15	61	16	56	17	40	18	66	19	46
	0	1	1	86	2	5	3	4	4	15	5	96	6	67	7	96	8	55	9	54	10	86	11	96	12	7	13	81	14	15	15	28	16	61	17	16	18	1	19	4
	0	61	1	22	2	33	3	76	4	22	5	34	6	82	7	64	8	55	9	91	10	41	11	5	12	36	13	15	14	86	15	81	16	69	17	73	18	55	19	84
	0	33	1	33	2	65	3	19	4	77	5	83	6	36	7	32	8	82	9	54	10	8	11	55	12	11	13	96	14	12	15	65	16	4	17	42	18	4	19	36
	0	56	1	88	2	29	3	95	4	73	5	65	6	96	7	58	8	50	9	63	10	20	11	41	12	91	13	91	14	29	15	19	16	48	17	89	18	27	19	9
	0	59	1	93	2	71	3	55	4	47	5	92	6	50	7	47	8	98	9	56	10	52	11	1	12	91	13	71	14	65	15	75	16	80	17	67	18	75	19	21
	0	61	1	40	2	4	3	98	4	77	5	22	6	49	7	29	8	4	9	50	10	87	11	36	12	35	13	75	14	25	15	74	16	24	17	16	18	25	19	35
	0	57	1	92	2	71	3	7	4	79	5	46	6	80	7	96	8	46	9	25	10	71	11	90	12	89	13	41	14	18	15	90	16	43	17	17	18	77	19	29
	0	41	1	52	2	3	3	51	4	80	5	43	6	99	7	78	8	15	9	79	10	30	11	83	12	79	13	31	14	51	15	19	16	30	17	65	18	46	19	78
	0	38	1	67	2	93	3	51	4	71	5	25	6	39	7	27	8	67	9	67	10	84	11	63	12	90	13	99	14	84	15	70	16	99	17	12	18	1	19	60
	0	64	1	51	2	91	3	50	4	78	5	22	6	22	7	84	8	4	9	66	10	31	11	53	12	50	13	89	14	64	15	33	16	84	17	96	18	97	19	47
	0	26	1	43	2	42	3	56	4	36	5	30	6	24	7	99	8	13	9	18	10	80	11	59	12	36	13	99	14	89	15	31	16	96	17	13	18	67	19	39
	0	26	1	11	2	86	3	71	4	1	5	12	6	83	7	80	8	47	9	4	10	60	11	15	12	72	13	69	14	29	15	64	16	3	17	13	18	54	19	22
	0	98	1	71	2	27	3	81	4	11	5	42	6	89	7	21	8	10	9	24	10	97	11	74	12	67	13	91	14	38	15	75	16	74	17	72	18	47	19	74
	0	53	1	60	2	72	3	55	4	84	5	96	6	67	7	70	8	78	9	37	10	75	11	70	12	54	13	29	14	8	15	89	16	12	17	98	18	67	19	87
	0	16	1	81	2	84	3	46	4	73	5	78	6	43	7	7	8	7	9	15	10	58	11	93	12	35	13	35	14	77	15	33	16	14	17	99	18	39	19	47
	0	41	1	24	2	92	3	67	4	42	5	39	6	54	7	48	8	87	9	63	10	20	11	2	12	26	13	98	14	29	15	58	16	91	17	32	18	24	19	36
	0	31	1	58	2	14	3	82	4	16	5	16	6	53	7	39	8	13	9	27	10	34	11	6	12	51	13	76	14	54	15	64	16	44	17	4	18	71	19	42
	0	6	1	86	2	48	3	47	4	26	5	2	6	68	7	97	8	23	9	96	10	37	11	29	12	47	13	17	14	40	15	86	16	87	17	78	18	81	19	79
	0	11	1	50	2	76	3	27	4	51	5	82	6	67	7	85	8	8	9	93	10	84	11	82	12	22	13	82	14	71	15	50	16	32	17	44	18	45	19	79
	0	30	1	97	2	12	3	57	4	29	5	29	6	46	7	30	8	56	9	55	10	67	11	17	12	79	13	48	14	27	15	66	16	51	17	49	18	23	19	34
	0	91	1	23	2	63	3	49	4	56	5	29	6	63	7	84	8	25	9	40	10	16	11	23	12	47	13	98	14	29	15	82	16	63	17	88	18	68	19	53
	0	94	1	92	2	43	3	22	4	21	5	3	6	99	7	24	8	50	9	18	10	71	11	9	12	71	13	19	14	77	15	79	16	10	17	59	18	87	19	24
	0	86	1	73	2	66	3	31	4	81	5	2	6	14	7	98	8	79	9	7	10	52	11	89	12	7	13	45	14	23	15	11	16	6	17	87	18	71	19	9
	0	61	1	88	2	61	3	32	4	35	5	30	6	41	7	57	8	54	9	31	10	75	11	37	12	13	13	91	14	24	15	44	16	9	17	68	18	28	19	85
	0	10	1	65	2	30	3	61	4	96	5	85	6	93	7	78	8	89	9	54	10	30	11	93	12	10	13	60	14	84	15	23	16	10	17	18	18	87	19	15
	0	21	1	48	2	84	3	68	4	59	5	88	6	62	7	80	8	45	9	88	10	96	11	83	12	4	13	59	14	19	15	59	16	2	17	46	18	6	19	30
	0	32	1	21	2	14	3	18	4	32	5	73	6	4	7	78	8	41	9	6	10	8	11	2	12	72	13	52	14	17	15	31	16	71	17	6	18	18	19	58
	0	88	1	78	2	81	3	94	4	86	5	81	6	6	7	56	8	52	9	48	10	25	11	14	12	56	13	81	14	94	15	1	16	29	17	24	18	13	19	41
	0	95	1	76	2	42	3	10	4	47	5	80	6	92	7	47	8	79	9	71	10	38	11	32	12	29	13	26	14	53	15	33	16	81	17	84	18	59	19	57
	0	81	1	20	2	66	3	26	4	69	5	48	6	43	7	38	8	46	9	82	10	96	11	93	12	43	13	69	14	77	15	15	16	25	17	12	18	27	19	37
	0	25	1	96	2	1	3	86	4	25	5	16	6	64	7	81	8	70	9	23	10	21	11	38	12	62	13	57	14	28	15	46	16	97	17	16	18	79	19	47
	0	23	1	47	2	58	3	67	4	51	5	78	6	85	7	53	8	29	9	51	10	99	11	39	12	87	13	26	14	62	15	97	16	34	17	93	18	27	19	71
	0	41	1	35	2	73	3	15	4	8	5	27	6	64	7	85	8	35	9	51	10	15	11	62	12	36	13	46	14	46	15	29	16	20	17	21	18	12	19	67
	0	13	1	75	2	17	3	60	4	82	5	58	6	95	7	11	8	73	9	71	10	10	11	6	12	82	13	91	14	70	15	37	16	45	17	68	18	61	19	66
	0	14	1	88	2	41	3	57	4	60	5	74	6	25	7	49	8	52	9	35	10	66	11	76	12	60	13	90	14	25	15	75	16	42	17	23	18	46	19	59
	0	12	1	25	2	84	3	8	4	57	5	26	6	6	7	40	8	33	9	61	10	73	11	2	12	17	13	72	14	59	15	86	16	35	17	4	18	73	19	83
	0	4	1	52	2	92	3	74	4	84	5	80	6	61	7	99	8	22	9	5	10	89	11	27	12	50	13	18	14	18	15	27	16	67	17	80	18	92	19	43
	0	66	1	8	2	44	3	37	4	21	5	63	6	63	7	28	8	84	9	76	10	48	11	20	12	92	13	66	14	18	15	64	16	43	17	63	18	69	19	37
	0	34	1	65	2	39	3	63	4	67	5	40	6	6	7	78	8	99	9	13	10	64	11	83	12	89	13	2	14	39	15	74	16	40	17	18	18	59	19	90
	0	29	1	52	2	96	3	78	4	49	5	80	6	89	7	58	8	1	9	44	10	54	11	12	12	38	13	21	14	44	15	59	16	61	17	2	18	52	19	18
	0	89	1	96	2	60	3	4	4	97	5	66	6	86	7	87	8	49	9	1	10	2	11	62	12	3	13	29	14	11	15	94	16	40	17	50	18	70	19	49
	0	9	1	86	2	97	3	67	4	6	5	1	6	44	7	42	8	57	9	68	10	72	11	25	12	94	13	84	14	1	15	98	16	10	17	42	18	63	19	94
	0	43	1	72	2	61	3	68	4	99	5	76	6	68	7	65	8	68	9	45	10	49	11	90	12	34	13	50	14	68	15	47	16	22	17	26	18	31	19	2
	0	8	1	39	2	29	3	12	4	36	5	81	6	93	7	83	8	30	9	61	10	27	11	27	12	97	13	80	14	16	15	94	16	48	17	37	18	70	19	41
	0	45	1	29	2	31	3	3	4	98	5	61	6	93	7	29	8	64	9	26	10	52	11	17	12	81	13	80	14	23	15	23	16	64	17	11	18	54	19	7
	0	9	1	86	2	73	3	27	4	56	5	74	6	90	7	47	8	34	9	99	10	84	11	34	12	42	13	7	14	97	15	5	16	71	17	59	18	89	19	62
	0	27	1	71	2	93	3	17	4	67	5	3	6	21	7	30	8	93	9	14	10	11	11	45	12	87	13	55	14	94	15	79	16	27	17	91	18	39	19	84
	0	73	1	30	2	21	3	94	4	83	5	92	6	78	7	80	8	64	9	30	10	89	11	90	12	52	13	93	14	13	15	17	16	37	17	86	18	76	19	1
	0	72	1	71	2	80	3	40	4	35	5	63	6	73	7	64	8	83	9	93	10	8	11	35	12	12	13	19	14	78	15	73	16	71	17	45	18	93	19	23
	0	46	1	27	2	44	3	35	4	13	5	99	6	57	7	13	8	60	9	94	10	52	11	39	12	36	13	84	14	79	15	77	16	6	17	13	18	19	19	23
	0	20	1	60	2	71	3	12	4	5	5	36	6	10	7	27	8	46	9	60	10	67	11	21	12	27	13	48	14	23	15	55	16	91	17	88	18	30	19	26
	0	45	1	63	2	12	3	33	4	44	5	44	6	28	7	21	8	68	9	71	10	74	11	65	12	61	13	78	14	40	15	57	16	59	17	98	18	71	19	31
	0	14	1	5	2	53	3	78	4	71	5	97	6	85	7	1	8	32	9	73	10	85	11	62	12	20	13	83	14	50	15	28	16	14	17	81	18	22	19	21
	0	7	1	30	2	89	3	61	4	93	5	48	6	32	7	50	8	67	9	89	10	55	11	80	12	64	13	36	14	91	15	5	16	24	17	1	18	76	19	56
	0	77	1	61	2	79	3	8	4	70	5	46	6	24	7	68	8	6	9	8	10	93	11	47	12	94	13	48	14	87	15	12	16	12	17	67	18	10	19	26
	0	76	1	18	2	49	3	8	4	84	5	66	6	70	7	87	8	19	9	62	10	56	11	64	12	17	13	94	14	96	15	44	16	82	17	51	18	49	19	29
	0	30	1	27	2	83	3	32	4	79	5	72	6	94	7	49	8	80	9	30	10	96	11	76	12	48	13	20	14	77	15	5	16	78	17	44	18	76	19	76
	0	21	1	85	2	28	3	89	4	15	5	31	6	3	7	23	8	77	9	7	10	88	11	60	12	70	13	96	14	9	15	76	16	57	17	44	18	45	19	3
	0	19	1	96	2	59	3	40	4	47	5	51	6	40	7	15	8	20	9	51	10	56	11	42	12	86	13	17	14	57	15	62	16	28	17	38	18	45	19	43
	0	49	1	32	2	67	3	56	4	93	5	46	6	29	7	63	8	6	9	53	10	56	11	18	12	77	13	22	14	61	15	26	16	23	17	80	18	17	19	11
	0	14	1	34	2	84	3	30	4	84	5	68	6	50	7	98	8	14	9	47	10	2	11	81	12	99	13	8	14	95	15	70	16	55	17	40	18	89	19	83
	0	19	1	10	2	36	3	23	4	16	5	32	6	14	7	19	8	50	9	14	10	78	11	78	12	56	13	54	14	73	15	68	16	77	17	55	18	23	19	68
	0	2	1	69	2	36	3	53	4	8	5	2	6	5	7	21	8	39	9	86	10	80	11	89	12	35	13	19	14	44	15	53	16	44	17	94	18	13	19	85
	0	13	1	99	2	16	3	47	4	15	5	43	6	41	7	32	8	31	9	56	10	12	11	18	12	26	13	13	14	40	15	96	16	5	17	46	18	89	19	12
	0	83	1	72	2	20	3	63	4	11	5	90	6	56	7	35	8	8	9	69	10	90	11	40	12	66	13	25	14	21	15	22	16	18	17	48	18	43	19	46
	0	96	1	29	2	2	3	38	4	81	5	54	6	18	7	87	8	13	9	52	10	63	11	10	12	14	13	4	14	6	15	81	16	59	17	39	18	69	19	39
	0	25	1	17	2	31	3	64	4	83	5	21	6	64	7	71	8	84	9	98	10	5	11	27	12	87	13	69	14	43	15	60	16	14	17	79	18	22	19	3
	0	38	1	97	2	91	3	23	4	31	5	46	6	62	7	70	8	61	9	86	10	13	11	90	12	41	13	12	14	7	15	67	16	62	17	16	18	12	19	75
	0	86	1	46	2	77	3	3	4	61	5	60	6	36	7	67	8	24	9	1	10	68	11	56	12	87	13	39	14	60	15	1	16	6	17	16	18	36	19	22
	0	74	1	36	2	64	3	5	4	17	5	86	6	25	7	44	8	39	9	27	10	58	11	50	12	51	13	86	14	62	15	5	16	1	17	90	18	35	19	55
	0	11	1	79	2	9	3	98	4	56	5	65	6	8	7	73	8	49	9	20	10	20	11	33	12	95	13	39	14	98	15	46	16	98	17	10	18	2	19	69
	0	98	1	48	2	44	3	93	4	28	5	73	6	76	7	56	8	85	9	23	10	83	11	72	12	60	13	91	14	26	15	20	16	74	17	17	18	40	19	79
	0	32	1	73	2	29	3	42	4	44	5	43	6	67	7	85	8	15	9	99	10	35	11	85	12	97	13	51	14	49	15	75	16	41	17	36	18	97	19	28
	0	77	1	66	2	25	3	69	4	17	5	36	6	21	7	82	8	30	9	37	10	52	11	21	12	97	13	21	14	82	15	36	16	99	17	86	18	84	19	36
	0	37	1	75	2	64	3	77	4	1	5	42	6	40	7	36	8	75	9	68	10	67	11	56	12	19	13	21	14	49	15	97	16	26	17	80	18	33	19	22
	0	17	1	65	2	94	3	36	4	77	5	30	6	52	7	15	8	3	9	84	10	46	11	27	12	46	13	43	14	61	15	40	16	26	17	84	18	7	19	18
	0	97	1	38	2	19	3	64	4	13	5	4	6	99	7	50	8	56	9	82	10	97	11	22	12	41	13	27	14	62	15	7	16	24	17	93	18	73	19	71
	0	94	1	67	2	62	3	54	4	92	5	69	6	22	7	25	8	42	9	67	10	63	11	5	12	65	13	50	14	12	15	57	16	55	17	14	18	49	19	65
	0	98	1	86	2	79	3	7	4	41	5	30	6	77	7	86	8	98	9	98	10	32	11	35	12	70	13	7	14	62	15	52	16	7	17	94	18	1	19	96
	0	30	1	79	2	35	3	14	4	28	5	98	6	58	7	48	8	94	9	84	10	87	11	77	12	74	13	59	14	61	15	37	16	9	17	16	18	87	19	55
	0	66	1	15	2	68	3	21	4	19	5	88	6	25	7	78	8	80	9	15	10	24	11	75	12	18	13	10	14	84	15	8	16	95	17	72	18	77	19	57
	0	45	1	49	2	4	3	86	4	64	5	66	6	49	7	38	8	30	9	81	10	95	11	46	12	95	13	32	14	89	15	59	16	94	17	63	18	46	19	14
	0	93	1	72	2	69	3	67	4	30	5	45	6	29	7	62	8	29	9	53	10	80	11	20	12	34	13	82	14	33	15	24	16	60	17	36	18	26	19	40
	0	42	1	67	2	16	3	25	4	10	5	79	6	63	7	42	8	67	9	8	10	45	11	78	12	73	13	54	14	72	15	58	16	24	17	29	18	99	19	83
	0	1	1	70	2	35	3	2	4	50	5	90	6	4	7	27	8	12	9	13	10	29	11	57	12	84	13	85	14	66	15	41	16	95	17	83	18	9	19	78
	0	41	1	19	2	59	3	39	4	81	5	26	6	59	7	59	8	87	9	15	10	38	11	83	12	29	13	58	14	94	15	27	16	2	17	32	18	1	19	16
	0	43	1	54	2	15	3	16	4	79	5	8	6	58	7	43	8	92	9	88	10	67	11	91	12	23	13	23	14	37	15	63	16	91	17	57	18	82	19	26
	0	74	1	36	2	50	3	57	4	16	5	73	6	84	7	50	8	75	9	18	10	86	11	66	12	58	13	31	14	6	15	40	16	78	17	56	18	61	19	41
	0	63	1	32	2	65	3	56	4	26	5	2	6	39	7	72	8	66	9	87	10	81	11	6	12	68	13	33	14	87	15	41	16	76	17	21	18	22	19	69
	0	67	1	82	2	49	3	18	4	7	5	3	6	80	7	51	8	10	9	14	10	54	11	40	12	96	13	33	14	71	15	27	16	59	17	23	18	49	19	23
	0	26	1	90	2	73	3	55	4	66	5	18	6	23	7	59	8	39	9	63	10	49	11	64	12	79	13	52	14	15	15	69	16	99	17	59	18	99	19	63
	0	9	1	46	2	59	3	97	4	7	5	8	6	84	7	28	8	37	9	74	10	19	11	25	12	45	13	66	14	21	15	9	16	95	17	46	18	86	19	52
	0	51	1	79	2	83	3	16	4	12	5	68	6	36	7	19	8	39	9	74	10	91	11	31	12	23	13	17	14	78	15	1	16	10	17	98	18	17	19	83
	0	50	1	10	2	63	3	40	4	79	5	45	6	93	7	91	8	6	9	84	10	5	11	92	12	55	13	42	14	58	15	97	16	62	17	79	18	6	19	93
	0	57	1	81	2	80	3	39	4	82	5	72	6	38	7	35	8	64	9	21	10	10	11	56	12	22	13	72	14	48	15	91	16	82	17	70	18	44	19	76
	0	36	1	3	2	83	3	85	4	89	5	49	6	55	7	82	8	23	9	77	10	31	11	41	12	50	13	93	14	7	15	16	16	53	17	52	18	12	19	11
	0	9	1	71	2	27	3	93	4	51	5	15	6	20	7	2	8	51	9	63	10	74	11	84	12	72	13	34	14	33	15	24	16	68	17	61	18	92	19	31
	0	47	1	53	2	75	3	68	4	78	5	87	6	16	7	70	8	35	9	24	10	38	11	32	12	38	13	82	14	39	15	15	16	15	17	65	18	32	19	3
	0	67	1	16	2	58	3	82	4	79	5	42	6	5	7	49	8	87	9	21	10	24	11	45	12	11	13	7	14	98	15	24	16	74	17	23	18	16	19	63
	0	86	1	18	2	64	3	51	4	78	5	24	6	83	7	14	8	59	9	56	10	76	11	67	12	16	13	99	14	35	15	31	16	46	17	75	18	45	19	77
	0	39	1	93	2	60	3	58	4	17	5	52	6	22	7	49	8	11	9	89	10	2	11	71	12	23	13	54	14	63	15	40	16	16	17	32	18	21	19	20
	0	61	1	86	2	96	3	75	4	42	5	95	6	51	7	1	8	55	9	30	10	90	11	73	12	38	13	55	14	10	15	70	16	86	17	75	18	43	19	45
	0	24	1	29	2	88	3	37	4	30	5	92	6	73	7	73	8	29	9	41	10	97	11	30	12	88	13	43	14	13	15	46	16	82	17	85	18	33	19	41
	0	3	1	8	2	13	3	92	4	83	5	51	6	68	7	65	8	89	9	10	10	85	11	72	12	8	13	75	14	35	15	60	16	26	17	98	18	84	19	12
	0	95	1	95	2	20	3	17	4	15	5	74	6	5	7	34	8	73	9	42	10	69	11	1	12	32	13	14	14	33	15	44	16	13	17	90	18	66	19	71
	0	89	1	30	2	83	3	67	4	69	5	43	6	39	7	29	8	73	9	66	10	59	11	99	12	61	13	26	14	35	15	61	16	14	17	53	18	75	19	14
	0	82	1	57	2	28	3	62	4	21	5	10	6	49	7	67	8	18	9	8	10	32	11	63	12	44	13	1	14	10	15	48	16	84	17	94	18	63	19	98
	0	82	1	39	2	24	3	39	4	59	5	36	6	73	7	21	8	45	9	37	10	93	11	35	12	13	13	43	14	52	15	6	16	38	17	35	18	65	19	17
	0	30	1	5	2	13	3	72	4	42	5	86	6	30	7	80	8	47	9	22	10	54	11	69	12	20	13	54	14	64	15	9	16	95	17	20	18	17	19	55
	0	8	1	12	2	20	3	92	4	3	5	1	6	86	7	40	8	6	9	78	10	19	11	86	12	21	13	31	14	36	15	90	16	55	17	18	18	80	19	14
	0	98	1	22	2	21	3	45	4	17	5	13	6	34	7	52	8	36	9	29	10	39	11	76	12	52	13	65	14	66	15	65	16	53	17	24	18	27	19	47
	0	30	1	98	2	68	3	93	4	31	5	42	6	21	7	70	8	42	9	37	10	23	11	52	12	36	13	65	14	90	15	58	16	13	17	49	18	42	19	30
	0	83	1	69	2	72	3	81	4	69	5	92	6	59	7	60	8	87	9	28	10	17	11	51	12	58	13	83	14	84	15	44	16	13	17	80	18	24	19	51
	0	77	1	55	2	35	3	35	4	61	5	19	6	44	7	73	8	88	9	36	10	82	11	78	12	63	13	35	14	9	15	37	16	62	17	48	18	6	19	16
	0	69	1	25	2	21	3	46	4	19	5	47	6	64	7	28	8	90	9	68	10	98	11	20	12	3	13	66	14	67	15	32	16	73	17	98	18	93	19	32
	0	72	1	89	2	90	3	17	4	55	5	20	6	93	7	80	8	80	9	88	10	64	11	43	12	85	13	7	14	42	15	82	16	99	17	29	18	80	19	35
	0	42	1	70	2	97	3	80	4	12	5	84	6	29	7	12	8	67	9	58	10	74	11	83	12	3	13	72	14	25	15	82	16	9	17	5	18	77	19	6
	0	7	1	95	2	47	3	31	4	63	5	27	6	79	7	73	8	92	9	52	10	37	11	72	12	18	13	61	14	41	15	92	16	6	17	65	18	7	19	62
	0	6	1	85	2	31	3	31	4	98	5	54	6	46	7	56	8	12	9	53	10	63	11	52	12	89	13	96	14	36	15	90	16	38	17	60	18	51	19	60
	0	73	1	45	2	55	3	76	4	52	5	37	6	81	7	68	8	16	9	85	10	90	11	96	12	63	13	25	14	80	15	7	16	50	17	84	18	1	19	77
	0	76	1	39	2	54	3	80	4	25	5	93	6	84	7	68	8	63	9	32	10	78	11	98	12	43	13	1	14	15	15	81	16	27	17	94	18	39	19	96
	0	36	1	53	2	8	3	74	4	47	5	78	6	36	7	19	8	43	9	89	10	58	11	20	12	8	13	79	14	72	15	46	16	96	17	36	18	36	19	31
	0	50	1	87	2	74	3	51	4	62	5	20	6	39	7	74	8	1	9	26	10	51	11	44	12	73	13	19	14	93	15	48	16	85	17	56	18	61	19	2
	0	91	1	73	2	65	3	39	4	71	5	5	6	73	7	93	8	25	9	46	10	55	11	25	12	53	13	56	14	92	15	11	16	89	17	61	18	85	19	53
	0	29	1	89	2	46	3	16	4	50	5	48	6	15	7	19	8	8	9	41	10	62	11	13	12	1	13	92	14	70	15	20	16	88	17	25	18	91	19	28
	0	73	1	66	2	1	3	45	4	59	5	30	6	10	7	54	8	72	9	58	10	91	11	86	12	43	13	16	14	45	15	11	16	84	17	99	18	43	19	88
	0	9	1	77	2	11	3	17	4	8	5	60	6	44	7	48	8	66	9	66	10	62	11	75	12	10	13	10	14	60	15	94	16	35	17	76	18	76	19	73
	0	32	1	30	2	24	3	35	4	88	5	84	6	69	7	73	8	74	9	64	10	63	11	34	12	1	13	56	14	94	15	4	16	61	17	97	18	38	19	14
	0	63	1	2	2	16	3	24	4	97	5	63	6	85	7	60	8	6	9	68	10	92	11	59	12	66	13	91	14	61	15	89	16	48	17	34	18	51	19	21
	0	88	1	10	2	69	3	72	4	69	5	19	6	18	7	60	8	50	9	70	10	29	11	30	12	15	13	65	14	21	15	97	16	1	17	36	18	20	19	81
	0	36	1	60	2	40	3	66	4	39	5	31	6	41	7	86	8	95	9	67	10	31	11	40	12	9	13	1	14	95	15	40	16	56	17	3	18	23	19	83
	0	98	1	49	2	87	3	52	4	25	5	71	6	8	7	30	8	29	9	40	10	74	11	5	12	21	13	32	14	98	15	69	16	42	17	5	18	5	19	22
	0	37	1	70	2	42	3	27	4	61	5	6	6	95	7	50	8	17	9	9	10	59	11	12	12	94	13	86	14	62	15	46	16	10	17	33	18	35	19	29
	0	85	1	53	2	51	3	52	4	41	5	66	6	32	7	83	8	63	9	9	10	98	11	20	12	88	13	95	14	31	15	63	16	88	17	9	18	94	19	90
	0	33	1	10	2	99	3	73	4	23	5	62	6	70	7	21	8	46	9	15	10	51	11	8	12	54	13	86	14	58	15	12	16	70	17	22	18	72	19	24
	0	59	1	47	2	45	3	28	4	56	5	86	6	66	7	57	8	90	9	53	10	82	11	18	12	39	13	35	14	72	15	87	16	79	17	50	18	29	19	61
	0	64	1	1	2	95	3	12	4	95	5	75	6	8	7	28	8	72	9	16	10	88	11	13	12	29	13	37	14	65	15	38	16	53	17	23	18	23	19	70
	0	33	1	18	2	52	3	39	4	34	5	92	6	12	7	34	8	65	9	27	10	81	11	45	12	35	13	43	14	39	15	88	16	58	17	51	18	48	19	24
	0	65	1	16	2	65	3	70	4	81	5	81	6	9	7	21	8	51	9	40	10	49	11	64	12	47	13	71	14	77	15	21	16	25	17	50	18	48	19	39
	0	68	1	45	2	78	3	41	4	97	5	90	6	40	7	63	8	26	9	91	10	60	11	78	12	78	13	84	14	54	15	49	16	7	17	26	18	79	19	90
	0	12	1	26	2	56	3	75	4	88	5	73	6	61	7	21	8	49	9	50	10	77	11	33	12	51	13	3	14	57	15	29	16	28	17	92	18	40	19	98
	0	38	1	26	2	10	3	79	4	91	5	65	6	31	7	91	8	56	9	65	10	5	11	48	12	40	13	60	14	29	15	52	16	86	17	64	18	19	19	58
	0	71	1	41	2	74	3	93	4	77	5	63	6	73	7	13	8	3	9	80	10	65	11	56	12	20	13	80	14	31	15	4	16	6	17	9	18	56	19	46
	0	55	1	28	2	39	3	13	4	4	5	32	6	37	7	39	8	11	9	84	10	52	11	29	12	86	13	87	14	7	15	46	16	77	17	44	18	91	19	77
	0	1	1	58	2	73	3	47	4	48	5	90	6	52	7	15	8	30	9	38	10	38	11	38	12	25	13	63	14	73	15	3	16	34	17	16	18	77	19	92
	0	83	1	81	2	61	3	70	4	68	5	8	6	36	7	77	8	96	9	78	10	41	11	24	12	37	13	33	14	8	15	87	16	58	17	76	18	98	19	32
	0	58	1	43	2	8	3	64	4	22	5	34	6	81	7	22	8	16	9	34	10	99	11	19	12	16	13	27	14	50	15	10	16	83	17	5	18	54	19	87
	0	29	1	72	2	61	3	54	4	68	5	24	6	54	7	49	8	85	9	56	10	41	11	52	12	42	13	39	14	48	15	34	16	70	17	18	18	37	19	50
	0	25	1	43	2	56	3	12	4	20	5	98	6	14	7	70	8	57	9	62	10	72	11	44	12	82	13	47	14	52	15	62	16	43	17	56	18	85	19	65
	0	90	1	86	2	97	3	94	4	27	5	39	6	71	7	38	8	75	9	57	10	11	11	53	12	97	13	3	14	72	15	91	16	87	17	85	18	29	19	80
	0	50	1	18	2	98	3	62	4	84	5	19	6	87	7	7	8	61	9	98	10	17	11	19	12	35	13	46	14	30	15	34	16	23	17	94	18	2	19	77
	0	78	1	41	2	69	3	23	4	61	5	11	6	44	7	83	8	13	9	56	10	31	11	16	12	81	13	76	14	37	15	76	16	37	17	40	18	9	19	69
	0	59	1	33	2	36	3	11	4	87	5	99	6	26	7	16	8	13	9	59	10	50	11	17	12	26	13	49	14	80	15	19	16	8	17	92	18	15	19	15
	0	12	1	22	2	22	3	85	4	67	5	94	6	80	7	24	8	49	9	79	10	1	11	2	12	18	13	65	14	36	15	45	16	93	17	92	18	81	19	63
	0	46	1	41	2	78	3	33	4	28	5	75	6	60	7	17	8	21	9	41	10	87	11	47	12	33	13	19	14	49	15	23	16	12	17	16	18	11	19	16
	0	49	1	66	2	62	3	42	4	77	5	83	6	89	7	7	8	26	9	64	10	84	11	94	12	92	13	99	14	88	15	37	16	54	17	22	18	98	19	90
	0	71	1	69	2	34	3	63	4	33	5	36	6	76	7	68	8	63	9	35	10	51	11	4	12	44	13	32	14	92	15	11	16	34	17	73	18	17	19	9
	0	30	1	7	2	94	3	79	4	24	5	20	6	62	7	87	8	3	9	76	10	50	11	69	12	36	13	76	14	60	15	50	16	14	17	71	18	83	19	28
	0	29	1	22	2	90	3	68	4	98	5	12	6	4	7	1	8	18	9	30	10	64	11	43	12	56	13	54	14	24	15	24	16	10	17	69	18	76	19	53
	0	4	1	78	2	97	3	14	4	6	5	39	6	73	7	88	8	14	9	12	10	11	11	56	12	15	13	79	14	48	15	35	16	30	17	51	18	70	19	56
	0	38	1	24	2	72	3	26	4	26	5	16	6	37	7	81	8	20	9	19	10	4	11	47	12	56	13	50	14	50	15	75	16	35	17	63	18	12	19	96
	0	79	1	71	2	57	3	32	4	78	5	86	6	93	7	34	8	93	9	8	10	47	11	98	12	16	13	65	14	36	15	8	16	34	17	93	18	39	19	7
	0	52	1	16	2	77	3	92	4	5	5	35	6	11	7	41	8	28	9	61	10	50	11	16	12	22	13	57	14	56	15	53	16	29	17	25	18	27	19	34
	0	85	1	56	2	47	3	91	4	21	5	79	6	1	7	23	8	72	9	55	10	91	11	69	12	13	13	9	14	85	15	15	16	93	17	91	18	93	19	5
	0	15	1	62	2	70	3	62	4	80	5	95	6	21	7	20	8	95	9	63	10	81	11	23	12	46	13	76	14	34	15	52	16	41	17	91	18	83	19	23
	0	70	1	20	2	77	3	7	4	17	5	97	6	33	7	29	8	63	9	31	10	95	11	11	12	69	13	66	14	35	15	95	16	12	17	61	18	2	19	6
	0	77	1	62	2	1	3	69	4	55	5	51	6	65	7	1	8	71	9	85	10	34	11	88	12	57	13	19	14	84	15	8	16	39	17	60	18	77	19	58
	0	30	1	20	2	9	3	95	4	73	5	51	6	77	7	32	8	96	9	54	10	31	11	37	12	91	13	28	14	10	15	87	16	10	17	4	18	94	19	67
	0	59	1	57	2	16	3	71	4	37	5	17	6	68	7	67	8	53	9	67	10	56	11	76	12	19	13	81	14	3	15	24	16	22	17	94	18	7	19	49
	0	31	1	88	2	3	3	79	4	92	5	95	6	46	7	78	8	40	9	51	10	70	11	14	12	90	13	30	14	4	15	92	16	86	17	7	18	71	19	54
	0	79	1	27	2	35	3	50	4	45	5	63	6	84	7	90	8	7	9	96	10	20	11	87	12	40	13	75	14	10	15	84	16	13	17	89	18	60	19	18
	0	48	1	75	2	26	3	74	4	37	5	52	6	86	7	33	8	8	9	58	10	60	11	1	12	93	13	65	14	94	15	32	16	42	17	69	18	57	19	2
	0	82	1	68	2	77	3	6	4	15	5	39	6	36	7	69	8	8	9	41	10	30	11	99	12	18	13	30	14	6	15	94	16	10	17	63	18	46	19	14
	0	35	1	31	2	45	3	18	4	1	5	74	6	59	7	82	8	59	9	14	10	70	11	79	12	14	13	14	14	38	15	2	16	4	17	35	18	5	19	77
	0	18	1	46	2	16	3	42	4	72	5	65	6	56	7	64	8	44	9	32	10	73	11	11	12	86	13	25	14	56	15	14	16	87	17	97	18	70	19	37
	0	91	1	55	2	55	3	48	4	50	5	52	6	82	7	73	8	79	9	71	10	50	11	28	12	37	13	21	14	38	15	46	16	48	17	41	18	29	19	60
	0	56	1	57	2	84	3	58	4	89	5	23	6	7	7	62	8	80	9	22	10	6	11	44	12	1	13	51	14	30	15	74	16	22	17	38	18	17	19	70
	0	73	1	76	2	57	3	92	4	5	5	33	6	61	7	76	8	65	9	58	10	43	11	68	12	44	13	78	14	71	15	96	16	73	17	32	18	61	19	87
	0	3	1	92	2	68	3	2	4	6	5	2	6	32	7	48	8	21	9	42	10	99	11	49	12	11	13	75	14	40	15	69	16	39	17	15	18	57	19	9
	0	66	1	64	2	72	3	98	4	79	5	32	6	30	7	56	8	58	9	75	10	80	11	1	12	12	13	79	14	72	15	46	16	80	17	23	18	61	19	54
	0	53	1	25	2	20	3	60	4	1	5	98	6	51	7	48	8	99	9	82	10	48	11	22	12	3	13	14	14	33	15	63	16	89	17	79	18	35	19	22
	0	30	1	96	2	35	3	32	4	43	5	99	6	14	7	89	8	23	9	78	10	10	11	80	12	19	13	44	14	29	15	69	16	5	17	60	18	54	19	75
	0	69	1	95	2	97	3	24	4	98	5	54	6	37	7	25	8	31	9	87	10	20	11	33	12	74	13	58	14	43	15	39	16	63	17	80	18	83	19	72
	0	23	1	24	2	64	3	76	4	99	5	21	6	12	7	85	8	63	9	29	10	12	11	29	12	46	13	49	14	8	15	43	16	88	17	9	18	17	19	73
	0	68	1	23	2	2	3	16	4	14	5	87	6	56	7	50	8	27	9	87	10	74	11	41	12	62	13	68	14	59	15	7	16	41	17	65	18	30	19	89
	0	27	1	60	2	28	3	77	4	22	5	40	6	68	7	58	8	54	9	1	10	81	11	29	12	37	13	47	14	40	15	9	16	98	17	98	18	93	19	37
	0	22	1	86	2	43	3	91	4	88	5	28	6	32	7	89	8	6	9	57	10	85	11	13	12	12	13	33	14	2	15	36	16	3	17	75	18	84	19	40
	0	11	1	63	2	64	3	53	4	90	5	25	6	31	7	83	8	24	9	33	10	1	11	54	12	9	13	56	14	42	15	23	16	56	17	57	18	13	19	96
	0	74	1	72	2	17	3	62	4	4	5	13	6	28	7	91	8	63	9	50	10	12	11	18	12	38	13	26	14	89	15	53	16	85	17	7	18	49	19	90
	0	53	1	8	2	39	3	37	4	44	5	63	6	92	7	16	8	33	9	12	10	86	11	90	12	43	13	96	14	24	15	63	16	2	17	39	18	28	19	18
	0	48	1	28	2	93	3	92	4	61	5	57	6	85	7	14	8	6	9	13	10	32	11	10	12	31	13	38	14	89	15	97	16	83	17	50	18	78	19	55
	0	53	1	3	2	31	3	60	4	10	5	96	6	55	7	11	8	3	9	41	10	14	11	85	12	59	13	60	14	18	15	77	16	32	17	63	18	7	19	1
	0	42	1	81	2	77	3	84	4	26	5	54	6	83	7	7	8	37	9	3	10	1	11	44	12	27	13	60	14	81	15	34	16	22	17	81	18	15	19	81
	0	69	1	39	2	61	3	66	4	17	5	91	6	16	7	98	8	7	9	64	10	1	11	91	12	67	13	57	14	94	15	16	16	55	17	83	18	72	19	92
	0	87	1	50	2	52	3	48	4	9	5	93	6	93	7	19	8	16	9	48	10	33	11	17	12	73	13	1	14	88	15	1	16	4	17	56	18	29	19	17
	0	18	1	87	2	65	3	83	4	59	5	34	6	5	7	14	8	65	9	71	10	28	11	64	12	84	13	10	14	41	15	16	16	22	17	48	18	54	19	53
	0	59	1	77	2	87	3	18	4	37	5	75	6	50	7	27	8	37	9	10	10	94	11	74	12	41	13	22	14	15	15	31	16	4	17	48	18	32	19	94
	0	63	1	82	2	96	3	88	4	93	5	15	6	27	7	34	8	84	9	92	10	11	11	83	12	87	13	47	14	98	15	38	16	50	17	69	18	5	19	68
	0	15	1	47	2	17	3	34	4	62	5	87	6	45	7	68	8	89	9	48	10	88	11	53	12	76	13	76	14	85	15	1	16	65	17	93	18	83	19	39
	0	10	1	77	2	65	3	4	4	8	5	85	6	71	7	87	8	12	9	93	10	65	11	67	12	11	13	94	14	58	15	7	16	1	17	71	18	40	19	9
	0	86	1	51	2	35	3	41	4	38	5	89	6	64	7	90	8	35	9	62	10	51	11	13	12	92	13	36	14	13	15	96	16	10	17	27	18	92	19	51
	0	77	1	30	2	91	3	65	4	16	5	41	6	15	7	3	8	81	9	60	10	71	11	49	12	64	13	90	14	93	15	63	16	61	17	67	18	81	19	21
	0	56	1	13	2	50	3	29	4	66	5	6	6	47	7	57	8	48	9	90	10	54	11	15	12	46	13	22	14	79	15	45	16	22	17	77	18	85	19	12
	0	76	1	40	2	13	3	29	4	2	5	42	6	85	7	72	8	71	9	89	10	99	11	11	12	3	13	29	14	88	15	37	16	17	17	17	18	39	19	14
	0	36	1	49	2	50	3	52	4	9	5	28	6	42	7	67	8	19	9	97	10	34	11	6	12	21	13	76	14	92	15	10	16	87	17	68	18	36	19	62
	0	78	1	9	2	54	3	81	4	74	5	16	6	98	7	27	8	61	9	76	10	39	11	35	12	54	13	67	14	64	15	93	16	19	17	64	18	89	19	87
	0	70	1	75	2	61	3	69	4	24	5	41	6	9	7	53	8	44	9	83	10	17	11	45	12	43	13	87	14	98	15	89	16	5	17	39	18	98	19	8
	0	40	1	56	2	5	3	73	4	6	5	41	6	61	7	89	8	40	9	12	10	71	11	43	12	73	13	58	14	24	15	85	16	42	17	16	18	24	19	91
	0	34	1	20	2	36	3	42	4	61	5	81	6	47	7	37	8	70	9	61	10	60	11	54	12	67	13	64	14	71	15	26	16	63	17	79	18	79	19	86
	0	38	1	66	2	30	3	5	4	61	5	60	6	54	7	71	8	36	9	79	10	47	11	73	12	83	13	12	14	11	15	3	16	56	17	94	18	2	19	28
	0	63	1	7	2	86	3	94	4	22	5	93	6	79	7	54	8	95	9	11	10	56	11	5	12	56	13	52	14	60	15	93	16	46	17	41	18	44	19	8
	0	42	1	62	2	49	3	3	4	58	5	80	6	48	7	26	8	49	9	61	10	41	11	92	12	54	13	70	14	96	15	2	16	84	17	4	18	5	19	36
	0	33	1	39	2	75	3	43	4	42	5	20	6	19	7	8	8	69	9	92	10	88	11	41	12	40	13	11	14	72	15	28	16	91	17	39	18	72	19	33
	0	23	1	55	2	54	3	61	4	69	5	27	6	25	7	80	8	51	9	14	10	92	11	48	12	84	13	79	14	8	15	51	16	98	17	29	18	80	19	93
	0	71	1	49	2	16	3	2	4	95	5	74	6	94	7	13	8	30	9	3	10	64	11	11	12	47	13	33	14	22	15	94	16	36	17	61	18	24	19	76
	0	54	1	57	2	40	3	35	4	60	5	42	6	86	7	82	8	5	9	11	10	89	11	17	12	15	13	29	14	34	15	17	16	61	17	74	18	94	19	20
	0	76	1	18	2	93	3	9	4	9	5	23	6	27	7	84	8	76	9	86	10	7	11	14	12	90	13	68	14	53	15	2	16	51	17	21	18	91	19	5
	0	47	1	22	2	84	3	73	4	5	5	96	6	45	7	68	8	21	9	55	10	82	11	91	12	97	13	22	14	38	15	20	16	72	17	59	18	24	19	71
	0	80	1	73	2	15	3	2	4	87	5	85	6	44	7	82	8	62	9	13	10	25	11	81	12	28	13	74	14	15	15	58	16	61	17	58	18	41	19	35
	0	88	1	58	2	59	3	84	4	40	5	97	6	63	7	5	8	14	9	57	10	98	11	86	12	33	13	10	14	99	15	9	16	91	17	98	18	39	19	41
	0	22	1	45	2	95	3	94	4	21	5	6	6	54	7	92	8	97	9	90	10	31	11	92	12	60	13	71	14	15	15	4	16	41	17	1	18	72	19	35
	0	90	1	68	2	45	3	72	4	75	5	85	6	35	7	97	8	94	9	24	10	10	11	84	12	61	13	58	14	89	15	34	16	54	17	59	18	37	19	69
	0	94	1	75	2	10	3	7	4	1	5	68	6	25	7	81	8	48	9	30	10	13	11	28	12	50	13	14	14	31	15	33	16	98	17	29	18	9	19	61
	0	32	1	97	2	39	3	56	4	9	5	51	6	61	7	96	8	28	9	3	10	45	11	51	12	6	13	91	14	41	15	79	16	4	17	10	18	47	19	68
	0	73	1	57	2	54	3	65	4	62	5	31	6	47	7	89	8	80	9	19	10	25	11	1	12	51	13	66	14	72	15	24	16	49	17	27	18	91	19	82
	0	85	1	38	2	91	3	2	4	76	5	77	6	14	7	65	8	75	9	59	10	32	11	29	12	49	13	52	14	89	15	42	16	69	17	69	18	56	19	28
	0	81	1	38	2	91	3	56	4	86	5	42	6	35	7	51	8	5	9	48	10	26	11	41	12	20	13	81	14	52	15	31	16	26	17	85	18	61	19	27
	0	3	1	78	2	33	3	78	4	99	5	72	6	35	7	14	8	10	9	99	10	57	11	81	12	92	13	53	14	57	15	24	16	83	17	70	18	49	19	74
	0	11	1	29	2	14	3	5	4	28	5	4	6	67	7	69	8	12	9	4	10	48	11	47	12	98	13	59	14	5	15	9	16	23	17	69	18	40	19	44
	0	64	1	29	2	95	3	83	4	83	5	78	6	71	7	97	8	21	9	91	10	63	11	2	12	24	13	24	14	63	15	20	16	15	17	81	18	55	19	94
	0	90	1	53	2	59	3	53	4	69	5	59	6	56	7	30	8	87	9	3	10	95	11	1	12	9	13	29	14	45	15	97	16	67	17	57	18	26	19	53
	0	92	1	36	2	89	3	75	4	63	5	57	6	74	7	78	8	13	9	39	10	75	11	48	12	59	13	91	14	3	15	27	16	63	17	22	18	12	19	67
	0	48	1	13	2	48	3	57	4	9	5	33	6	62	7	69	8	45	9	79	10	80	11	84	12	94	13	22	14	32	15	28	16	94	17	31	18	11	19	65
	0	84	1	45	2	63	3	65	4	7	5	94	6	36	7	87	8	34	9	96	10	73	11	79	12	79	13	62	14	3	15	30	16	3	17	4	18	64	19	83
	0	88	1	86	2	31	3	54	4	34	5	6	6	41	7	39	8	52	9	44	10	52	11	25	12	23	13	84	14	93	15	58	16	57	17	73	18	73	19	2
	0	2	1	86	2	72	3	74	4	62	5	3	6	90	7	43	8	98	9	93	10	48	11	71	12	85	13	56	14	44	15	31	16	71	17	37	18	13	19	21
	0	12	1	5	2	46	3	66	4	15	5	36	6	93	7	67	8	66	9	56	10	5	11	19	12	73	13	45	14	21	15	77	16	54	17	78	18	17	19	29
	0	89	1	14	2	22	3	80	4	8	5	87	6	85	7	17	8	53	9	82	10	37	11	19	12	4	13	69	14	43	15	10	16	94	17	30	18	87	19	94
	0	92	1	27	2	9	3	38	4	58	5	77	6	8	7	30	8	75	9	32	10	36	11	3	12	21	13	72	14	81	15	99	16	43	17	65	18	59	19	47
	0	11	1	74	2	6	3	48	4	8	5	37	6	44	7	14	8	63	9	51	10	86	11	96	12	44	13	28	14	80	15	29	16	98	17	14	18	53	19	97
	0	58	1	91	2	97	3	14	4	81	5	92	6	59	7	41	8	42	9	26	10	54	11	84	12	73	13	18	14	6	15	31	16	61	17	36	18	80	19	16
	0	50	1	34	2	18	3	60	4	61	5	22	6	35	7	96	8	57	9	62	10	97	11	91	12	99	13	70	14	36	15	23	16	97	17	96	18	59	19	48
	0	79	1	80	2	27	3	76	4	20	5	97	6	89	7	44	8	77	9	15	10	13	11	5	12	66	13	55	14	22	15	20	16	64	17	74	18	8	19	27
	0	32	1	61	2	58	3	28	4	68	5	17	6	41	7	55	8	10	9	35	10	73	11	6	12	92	13	6	14	26	15	81	16	76	17	93	18	1	19	90
	0	47	1	65	2	46	3	78	4	94	5	11	6	65	7	65	8	37	9	27	10	65	11	5	12	4	13	48	14	7	15	74	16	57	17	23	18	24	19	63
	0	85	1	63	2	60	3	72	4	63	5	54	6	31	7	76	8	53	9	39	10	3	11	16	12	49	13	44	14	92	15	41	16	13	17	11	18	41	19	96
	0	1	1	11	2	98	3	5	4	36	5	78	6	23	7	96	8	83	9	47	10	80	11	15	12	82	13	32	14	9	15	18	16	4	17	38	18	74	19	31
	0	83	1	74	2	63	3	45	4	91	5	88	6	15	7	96	8	80	9	64	10	14	11	73	12	80	13	43	14	74	15	77	16	39	17	14	18	15	19	75
	0	34	1	32	2	73	3	88	4	4	5	32	6	9	7	94	8	83	9	47	10	57	11	96	12	16	13	92	14	95	15	37	16	9	17	55	18	9	19	46
	0	83	1	49	2	38	3	62	4	44	5	43	6	13	7	76	8	7	9	35	10	84	11	50	12	6	13	37	14	39	15	69	16	54	17	20	18	35	19	35
	0	59	1	60	2	51	3	26	4	8	5	8	6	80	7	76	8	2	9	7	10	91	11	98	12	16	13	78	14	65	15	87	16	34	17	38	18	18	19	56
	0	72	1	42	2	43	3	41	4	58	5	83	6	26	7	95	8	88	9	16	10	79	11	54	12	50	13	14	14	68	15	25	16	45	17	77	18	17	19	29
	0	9	1	90	2	60	3	96	4	13	5	89	6	1	7	86	8	34	9	24	10	93	11	32	12	60	13	17	14	72	15	61	16	2	17	68	18	68	19	15
	0	40	1	9	2	63	3	33	4	45	5	74	6	42	7	59	8	58	9	86	10	22	11	36	12	30	13	70	14	43	15	80	16	60	17	86	18	80	19	12
	0	36	1	31	2	54	3	8	4	85	5	74	6	31	7	60	8	57	9	46	10	71	11	39	12	45	13	84	14	41	15	75	16	99	17	8	18	20	19	33
	0	67	1	4	2	41	3	56	4	86	5	49	6	24	7	33	8	43	9	64	10	53	11	29	12	62	13	77	14	64	15	50	16	35	17	58	18	44	19	69
	0	53	1	86	2	68	3	45	4	29	5	30	6	78	7	75	8	26	9	38	10	71	11	18	12	26	13	55	14	14	15	39	16	15	17	73	18	31	19	39
	0	85	1	93	2	38	3	62	4	57	5	22	6	83	7	39	8	2	9	38	10	56	11	90	12	17	13	13	14	24	15	68	16	51	17	31	18	70	19	82
	0	88	1	75	2	36	3	32	4	68	5	74	6	98	7	72	8	50	9	19	10	53	11	11	12	37	13	85	14	68	15	45	16	72	17	82	18	34	19	64
	0	39	1	53	2	71	3	78	4	2	5	50	6	81	7	77	8	23	9	19	10	30	11	13	12	6	13	24	14	29	15	88	16	17	17	40	18	63	19	44
	0	48	1	19	2	80	3	33	4	50	5	8	6	17	7	1	8	5	9	8	10	18	11	7	12	5	13	14	14	65	15	73	16	93	17	50	18	13	19	71
	0	5	1	29	2	74	3	48	4	70	5	58	6	12	7	83	8	29	9	86	10	93	11	8	12	52	13	65	14	86	15	6	16	21	17	14	18	1	19	4
	0	8	1	81	2	49	3	23	4	15	5	53	6	69	7	13	8	69	9	88	10	72	11	75	12	84	13	70	14	91	15	26	16	57	17	5	18	39	19	13
	0	22	1	65	2	38	3	56	4	71	5	87	6	4	7	76	8	64	9	15	10	25	11	20	12	76	13	2	14	77	15	81	16	19	17	86	18	44	19	21
	0	45	1	48	2	5	3	11	4	17	5	83	6	83	7	39	8	43	9	50	10	39	11	96	12	26	13	79	14	83	15	2	16	3	17	55	18	64	19	11
	0	2	1	87	2	55	3	74	4	20	5	10	6	55	7	5	8	32	9	94	10	22	11	47	12	71	13	11	14	46	15	10	16	49	17	55	18	95	19	83
	0	5	1	91	2	30	3	98	4	50	5	51	6	8	7	73	8	6	9	96	10	62	11	31	12	69	13	83	14	36	15	22	16	96	17	86	18	6	19	31
	0	38	1	9	2	57	3	83	4	97	5	48	6	41	7	26	8	5	9	30	10	2	11	38	12	85	13	70	14	23	15	30	16	60	17	95	18	21	19	4
	0	26	1	31	2	5	3	86	4	68	5	47	6	82	7	3	8	11	9	79	10	75	11	45	12	3	13	89	14	53	15	87	16	73	17	53	18	68	19	33
	0	52	1	34	2	24	3	81	4	31	5	43	6	44	7	57	8	94	9	81	10	69	11	91	12	82	13	56	14	12	15	25	16	17	17	19	18	22	19	80
	0	82	1	92	2	37	3	75	4	23	5	54	6	79	7	83	8	36	9	25	10	18	11	36	12	77	13	89	14	28	15	55	16	35	17	57	18	50	19	99
	0	16	1	18	2	84	3	40	4	30	5	44	6	73	7	72	8	28	9	70	10	24	11	14	12	95	13	10	14	37	15	87	16	82	17	81	18	99	19	95
	0	50	1	49	2	54	3	66	4	83	5	18	6	37	7	41	8	83	9	8	10	4	11	21	12	52	13	45	14	69	15	75	16	66	17	45	18	19	19	39
	0	25	1	18	2	73	3	54	4	86	5	43	6	87	7	10	8	80	9	46	10	31	11	19	12	61	13	21	14	70	15	42	16	99	17	3	18	72	19	83
	0	3	1	48	2	86	3	66	4	28	5	1	6	4	7	91	8	20	9	85	10	65	11	8	12	59	13	70	14	37	15	84	16	93	17	24	18	41	19	22
	0	94	1	46	2	70	3	45	4	15	5	81	6	21	7	48	8	31	9	44	10	17	11	2	12	3	13	30	14	80	15	96	16	51	17	9	18	87	19	18
	0	67	1	44	2	63	3	60	4	79	5	2	6	41	7	67	8	59	9	73	10	5	11	58	12	55	13	34	14	51	15	52	16	45	17	13	18	54	19	63
	0	77	1	9	2	6	3	14	4	47	5	27	6	47	7	12	8	82	9	75	10	34	11	31	12	46	13	98	14	90	15	35	16	25	17	80	18	19	19	12
	0	92	1	91	2	29	3	44	4	56	5	1	6	26	7	3	8	63	9	6	10	44	11	2	12	57	13	97	14	80	15	67	16	72	17	42	18	7	19	84
	0	20	1	61	2	44	3	85	4	34	5	97	6	25	7	30	8	21	9	87	10	53	11	11	12	28	13	59	14	20	15	89	16	18	17	42	18	55	19	62
	0	85	1	31	2	81	3	37	4	44	5	44	6	69	7	61	8	57	9	90	10	90	11	91	12	72	13	51	14	35	15	13	16	56	17	40	18	3	19	81
	0	86	1	97	2	58	3	54	4	97	5	26	6	92	7	48	8	20	9	73	10	34	11	68	12	60	13	94	14	72	15	51	16	82	17	62	18	49	19	36
	0	82	1	74	2	76	3	59	4	30	5	75	6	99	7	13	8	52	9	49	10	88	11	20	12	88	13	18	14	25	15	58	16	89	17	13	18	13	19	13
	0	72	1	34	2	31	3	53	4	24	5	28	6	77	7	41	8	82	9	17	10	67	11	62	12	67	13	29	14	24	15	85	16	60	17	85	18	20	19	1
	0	68	1	44	2	68	3	77	4	7	5	6	6	50	7	23	8	74	9	1	10	82	11	28	12	99	13	61	14	80	15	88	16	98	17	52	18	18	19	7
	0	60	1	3	2	1	3	82	4	81	5	61	6	87	7	25	8	21	9	25	10	26	11	44	12	75	13	6	14	48	15	13	16	34	17	24	18	28	19	55
	0	23	1	72	2	33	3	17	4	93	5	73	6	21	7	70	8	28	9	51	10	7	11	42	12	27	13	46	14	56	15	18	16	23	17	32	18	4	19	77
	0	41	1	25	2	49	3	1	4	52	5	33	6	36	7	46	8	62	9	96	10	15	11	49	12	75	13	77	14	49	15	81	16	96	17	48	18	3	19	15
	0	18	1	25	2	47	3	49	4	19	5	64	6	1	7	31	8	73	9	35	10	92	11	39	12	35	13	21	14	50	15	94	16	66	17	9	18	41	19	28
	0	16	1	86	2	19	3	76	4	78	5	61	6	34	7	64	8	29	9	93	10	86	11	97	12	85	13	29	14	95	15	84	16	29	17	27	18	73	19	20
	0	12	1	32	2	87	3	41	4	87	5	76	6	41	7	83	8	8	9	62	10	6	11	23	12	83	13	23	14	79	15	22	16	80	17	28	18	71	19	6
	0	4	1	70	2	53	3	54	4	70	5	84	6	64	7	94	8	3	9	34	10	45	11	29	12	42	13	36	14	46	15	91	16	92	17	35	18	33	19	60
	0	76	1	33	2	72	3	9	4	14	5	2	6	39	7	22	8	25	9	33	10	40	11	45	12	50	13	98	14	85	15	73	16	66	17	28	18	17	19	40
	0	93	1	80	2	42	3	63	4	27	5	64	6	57	7	67	8	41	9	17	10	32	11	84	12	2	13	84	14	60	15	72	16	63	17	22	18	40	19	91
	0	18	1	30	2	2	3	81	4	88	5	28	6	35	7	44	8	88	9	94	10	28	11	80	12	26	13	27	14	61	15	26	16	23	17	94	18	64	19	8
	0	9	1	41	2	19	3	29	4	87	5	56	6	14	7	20	8	61	9	27	10	88	11	58	12	29	13	51	14	9	15	53	16	75	17	34	18	62	19	75
	0	58	1	46	2	70	3	31	4	80	5	21	6	81	7	90	8	74	9	52	10	83	11	11	12	1	13	42	14	53	15	37	16	28	17	86	18	13	19	35
	0	24	1	92	2	61	3	30	4	7	5	21	6	54	7	4	8	23	9	70	10	22	11	84	12	87	13	88	14	62	15	89	16	21	17	83	18	19	19	19
	0	79	1	50	2	19	3	67	4	45	5	82	6	96	7	5	8	95	9	89	10	86	11	34	12	52	13	51	14	30	15	54	16	72	17	84	18	70	19	42
	0	39	1	1	2	74	3	63	4	86	5	49	6	22	7	28	8	79	9	67	10	21	11	37	12	74	13	92	14	81	15	2	16	4	17	47	18	38	19	94
	0	36	1	57	2	74	3	23	4	76	5	24	6	97	7	23	8	13	9	61	10	61	11	55	12	45	13	3	14	56	15	58	16	67	17	39	18	41	19	28
	0	13	1	78	2	9	3	52	4	17	5	66	6	32	7	4	8	89	9	49	10	54	11	31	12	45	13	65	14	24	15	91	16	46	17	19	18	96	19	56
	0	57	1	26	2	44	3	24	4	87	5	96	6	15	7	54	8	88	9	56	10	41	11	1	12	67	13	72	14	58	15	22	16	87	17	77	18	33	19	84
	0	13	1	58	2	78	3	70	4	23	5	69	6	63	7	16	8	85	9	47	10	57	11	72	12	30	13	46	14	23	15	92	16	23	17	75	18	64	19	33
	0	36	1	81	2	78	3	34	4	72	5	81	6	75	7	3	8	7	9	60	10	21	11	68	12	30	13	93	14	14	15	69	16	64	17	52	18	68	19	28
	0	72	1	48	2	60	3	53	4	36	5	96	6	45	7	29	8	67	9	47	10	63	11	45	12	28	13	76	14	92	15	98	16	72	17	71	18	64	19	5
	0	81	1	80	2	32	3	30	4	24	5	12	6	41	7	81	8	67	9	60	10	20	11	76	12	67	13	96	14	93	15	1	16	24	17	59	18	28	19	4
	0	92	1	65	2	39	3	91	4	2	5	96	6	74	7	63	8	79	9	78	10	74	11	30	12	77	13	7	14	30	15	92	16	49	17	15	18	31	19	38
	0	33	1	87	2	25	3	37	4	6	5	98	6	69	7	2	8	76	9	87	10	87	11	38	12	77	13	81	14	98	15	63	16	11	17	64	18	11	19	65
	0	19	1	5	2	40	3	54	4	99	5	9	6	92	7	76	8	86	9	41	10	45	11	40	12	65	13	73	14	24	15	51	16	16	17	36	18	41	19	69
	0	60	1	43	2	63	3	95	4	87	5	72	6	97	7	64	8	37	9	18	10	62	11	1	12	61	13	6	14	92	15	51	16	99	17	13	18	70	19	48
	0	95	1	89	2	84	3	45	4	68	5	54	6	42	7	98	8	14	9	26	10	84	11	52	12	14	13	25	14	46	15	24	16	8	17	90	18	58	19	61
	0	32	1	83	2	85	3	67	4	89	5	86	6	96	7	19	8	49	9	58	10	33	11	13	12	68	13	95	14	44	15	42	16	28	17	3	18	65	19	9
	0	14	1	14	2	74	3	65	4	57	5	68	6	54	7	96	8	12	9	76	10	88	11	55	12	72	13	80	14	51	15	64	16	2	17	94	18	35	19	30
	0	91	1	86	2	5	3	99	4	90	5	75	6	16	7	50	8	71	9	46	10	34	11	37	12	69	13	67	14	39	15	41	16	88	17	50	18	29	19	39
	0	92	1	58	2	80	3	55	4	90	5	71	6	99	7	39	8	44	9	81	10	46	11	20	12	22	13	24	14	23	15	89	16	86	17	21	18	74	19	51
	0	60	1	88	2	77	3	67	4	98	5	20	6	72	7	77	8	25	9	15	10	64	11	56	12	89	13	90	14	16	15	45	16	99	17	92	18	94	19	35
	0	95	1	62	2	17	3	56	4	63	5	75	6	9	7	67	8	45	9	8	10	54	11	23	12	87	13	4	14	24	15	48	16	2	17	52	18	2	19	41
	0	72	1	2	2	26	3	37	4	22	5	5	6	6	7	87	8	10	9	34	10	11	11	83	12	42	13	94	14	15	15	32	16	42	17	78	18	8	19	94
	0	32	1	89	2	51	3	93	4	51	5	30	6	91	7	75	8	8	9	64	10	25	11	57	12	45	13	14	14	78	15	98	16	73	17	49	18	65	19	10
	0	43	1	5	2	21	3	52	4	38	5	56	6	48	7	30	8	79	9	73	10	34	11	66	12	75	13	17	14	53	15	88	16	24	17	64	18	26	19	55
	0	57	1	41	2	43	3	18	4	86	5	32	6	84	7	47	8	66	9	12	10	58	11	94	12	60	13	8	14	24	15	3	16	70	17	28	18	75	19	39
	0	30	1	46	2	19	3	18	4	46	5	61	6	93	7	1	8	16	9	29	10	61	11	44	12	27	13	42	14	76	15	48	16	51	17	14	18	29	19	28
	0	27	1	60	2	32	3	24	4	38	5	5	6	4	7	56	8	85	9	73	10	34	11	28	12	13	13	63	14	14	15	20	16	59	17	62	18	61	19	94
	0	5	1	72	2	24	3	79	4	36	5	8	6	48	7	50	8	62	9	15	10	69	11	58	12	91	13	13	14	28	15	42	16	20	17	97	18	46	19	75
	0	64	1	53	2	94	3	32	4	53	5	62	6	93	7	87	8	82	9	24	10	61	11	79	12	81	13	60	14	67	15	44	16	94	17	1	18	36	19	9
	0	11	1	83	2	22	3	57	4	63	5	93	6	54	7	40	8	27	9	85	10	21	11	72	12	59	13	46	14	91	15	41	16	48	17	22	18	4	19	87
	0	88	1	85	2	68	3	10	4	17	5	73	6	28	7	33	8	62	9	36	10	14	11	66	12	77	13	11	14	60	15	39	16	79	17	14	18	25	19	42
	0	53	1	50	2	14	3	61	4	98	5	4	6	83	7	40	8	39	9	36	10	41	11	59	12	44	13	47	14	55	15	75	16	86	17	48	18	33	19	83
	0	41	1	87	2	83	3	69	4	76	5	46	6	23	7	75	8	39	9	4	10	26	11	55	12	44	13	70	14	53	15	93	16	74	17	71	18	38	19	44
	0	14	1	2	2	20	3	9	4	58	5	44	6	56	7	38	8	79	9	23	10	35	11	71	12	6	13	23	14	82	15	21	16	41	17	69	18	17	19	48
	0	55	1	98	2	34	3	24	4	53	5	60	6	90	7	20	8	84	9	75	10	1	11	45	12	46	13	31	14	18	15	9	16	4	17	27	18	22	19	56
	0	23	1	59	2	42	3	10	4	28	5	86	6	60	7	56	8	28	9	37	10	57	11	82	12	98	13	34	14	59	15	14	16	81	17	88	18	43	19	79
	0	40	1	38	2	52	3	11	4	55	5	82	6	19	7	51	8	80	9	34	10	51	11	37	12	50	13	87	14	69	15	18	16	99	17	56	18	3	19	63
	0	65	1	2	2	65	3	1	4	33	5	56	6	73	7	10	8	14	9	69	10	43	11	74	12	58	13	24	14	69	15	98	16	67	17	85	18	50	19	22
	0	29	1	55	2	14	3	85	4	98	5	53	6	73	7	89	8	98	9	56	10	18	11	71	12	22	13	13	14	64	15	15	16	71	17	94	18	30	19	37
	0	26	1	44	2	59	3	49	4	12	5	61	6	91	7	15	8	60	9	45	10	1	11	96	12	61	13	10	14	55	15	39	16	99	17	39	18	4	19	56
	0	93	1	92	2	45	3	47	4	83	5	84	6	91	7	49	8	65	9	76	10	54	11	97	12	87	13	66	14	20	15	73	16	9	17	82	18	92	19	52
	0	98	1	69	2	7	3	58	4	84	5	87	6	58	7	58	8	48	9	29	10	94	11	78	12	90	13	13	14	5	15	40	16	96	17	99	18	43	19	24
	0	90	1	64	2	21	3	75	4	62	5	76	6	8	7	52	8	44	9	99	10	54	11	5	12	70	13	42	14	61	15	38	16	11	17	52	18	5	19	48
	0	24	1	13	2	12	3	96	4	83	5	62	6	12	7	45	8	41	9	83	10	42	11	29	12	55	13	17	14	76	15	33	16	94	17	13	18	76	19	31
	0	55	1	75	2	94	3	63	4	2	5	73	6	24	7	33	8	48	9	90	10	1	11	36	12	57	13	78	14	28	15	70	16	17	17	14	18	16	19	70
	0	24	1	20	2	9	3	8	4	48	5	20	6	45	7	64	8	76	9	70	10	88	11	28	12	77	13	94	14	22	15	48	16	90	17	76	18	68	19	84
	0	63	1	60	2	63	3	80	4	91	5	95	6	68	7	71	8	21	9	42	10	79	11	62	12	76	13	79	14	71	15	73	16	57	17	73	18	58	19	94
	0	55	1	55	2	28	3	12	4	53	5	86	6	60	7	54	8	8	9	35	10	52	11	42	12	39	13	4	14	69	15	42	16	50	17	21	18	72	19	10
	0	65	1	6	2	67	3	83	4	6	5	45	6	82	7	9	8	13	9	95	10	18	11	51	12	78	13	53	14	85	15	27	16	87	17	96	18	79	19	66
	0	55	1	99	2	98	3	89	4	62	5	70	6	26	7	36	8	22	9	52	10	22	11	98	12	38	13	54	14	83	15	39	16	46	17	29	18	9	19	45
	0	55	1	41	2	72	3	12	4	36	5	35	6	66	7	6	8	38	9	67	10	79	11	31	12	83	13	50	14	53	15	51	16	8	17	44	18	7	19	56
	0	24	1	67	2	87	3	96	4	3	5	30	6	75	7	60	8	29	9	34	10	78	11	9	12	84	13	31	14	3	15	18	16	34	17	94	18	70	19	66
	0	49	1	92	2	67	3	63	4	99	5	69	6	93	7	18	8	79	9	75	10	16	11	91	12	14	13	50	14	95	15	30	16	26	17	41	18	20	19	54
	0	48	1	83	2	8	3	15	4	76	5	61	6	23	7	2	8	33	9	37	10	38	11	13	12	79	13	22	14	35	15	91	16	90	17	25	18	72	19	55
	0	97	1	76	2	51	3	37	4	57	5	25	6	58	7	17	8	53	9	77	10	98	11	89	12	37	13	69	14	72	15	57	16	38	17	49	18	90	19	16
	0	40	1	96	2	49	3	28	4	89	5	19	6	75	7	89	8	32	9	93	10	79	11	84	12	70	13	82	14	18	15	57	16	87	17	17	18	57	19	14
	0	20	1	81	2	94	3	43	4	4	5	21	6	67	7	25	8	9	9	25	10	60	11	17	12	7	13	22	14	64	15	9	16	83	17	10	18	26	19	10
	0	84	1	58	2	88	3	31	4	15	5	49	6	47	7	54	8	24	9	37	10	93	11	18	12	45	13	91	14	62	15	54	16	41	17	41	18	39	19	90
	0	63	1	40	2	23	3	1	4	1	5	69	6	16	7	23	8	17	9	56	10	5	11	47	12	81	13	79	14	61	15	25	16	23	17	21	18	56	19	21
	0	77	1	43	2	97	3	61	4	55	5	42	6	30	7	23	8	5	9	64	10	62	11	14	12	99	13	63	14	68	15	16	16	18	17	2	18	26	19	87
	0	68	1	97	2	99	3	1	4	70	5	26	6	83	7	50	8	22	9	94	10	76	11	55	12	41	13	60	14	14	15	21	16	79	17	88	18	37	19	55
	0	28	1	28	2	44	3	51	4	19	5	88	6	77	7	93	8	8	9	41	10	1	11	63	12	73	13	34	14	5	15	15	16	32	17	24	18	27	19	31
	0	79	1	82	2	72	3	15	4	79	5	23	6	22	7	34	8	7	9	31	10	29	11	35	12	73	13	73	14	45	15	53	16	22	17	95	18	38	19	50
	0	60	1	73	2	87	3	99	4	10	5	6	6	96	7	94	8	88	9	35	10	90	11	96	12	99	13	76	14	89	15	8	16	26	17	53	18	35	19	15
	0	99	1	81	2	29	3	24	4	46	5	42	6	84	7	18	8	12	9	64	10	95	11	88	12	50	13	75	14	47	15	84	16	10	17	40	18	22	19	99
	0	66	1	94	2	27	3	94	4	61	5	47	6	3	7	52	8	49	9	19	10	99	11	60	12	81	13	79	14	73	15	76	16	48	17	6	18	98	19	62
	0	18	1	49	2	37	3	20	4	41	5	6	6	76	7	81	8	30	9	32	10	9	11	73	12	81	13	18	14	95	15	84	16	58	17	70	18	69	19	47
	0	95	1	89	2	14	3	97	4	32	5	34	6	24	7	89	8	38	9	76	10	29	11	6	12	26	13	37	14	83	15	69	16	10	17	83	18	17	19	25
	0	41	1	1	2	50	3	45	4	17	5	68	6	11	7	23	8	37	9	66	10	78	11	13	12	86	13	33	14	21	15	11	16	19	17	41	18	60	19	88
	0	74	1	86	2	97	3	4	4	13	5	12	6	44	7	66	8	37	9	10	10	30	11	80	12	37	13	2	14	68	15	4	16	77	17	60	18	50	19	61
	0	72	1	76	2	99	3	41	4	43	5	25	6	45	7	80	8	97	9	87	10	9	11	97	12	66	13	75	14	46	15	69	16	55	17	56	18	85	19	91
	0	65	1	7	2	80	3	45	4	73	5	67	6	46	7	39	8	80	9	28	10	40	11	5	12	22	13	9	14	18	15	65	16	10	17	58	18	10	19	65
	0	20	1	68	2	79	3	81	4	56	5	73	6	61	7	77	8	34	9	12	10	67	11	83	12	55	13	46	14	82	15	28	16	93	17	69	18	59	19	72
	0	51	1	89	2	26	3	54	4	70	5	40	6	72	7	9	8	50	9	34	10	6	11	55	12	43	13	93	14	74	15	57	16	78	17	44	18	86	19	98
	0	81	1	80	2	50	3	7	4	28	5	15	6	41	7	38	8	81	9	24	10	53	11	15	12	19	13	26	14	53	15	12	16	20	17	10	18	44	19	32
	0	17	1	37	2	78	3	25	4	3	5	14	6	80	7	21	8	80	9	85	10	23	11	53	12	67	13	82	14	19	15	38	16	48	17	45	18	68	19	11
	0	5	1	80	2	9	3	6	4	88	5	75	6	51	7	76	8	67	9	78	10	97	11	31	12	57	13	71	14	37	15	78	16	7	17	52	18	53	19	7
	0	28	1	70	2	21	3	11	4	90	5	7	6	7	7	94	8	67	9	27	10	29	11	77	12	3	13	15	14	38	15	14	16	17	17	12	18	7	19	4
	0	96	1	3	2	91	3	44	4	80	5	84	6	53	7	98	8	51	9	71	10	69	11	77	12	58	13	71	14	76	15	88	16	6	17	68	18	2	19	96
	0	44	1	5	2	98	3	80	4	83	5	27	6	58	7	13	8	64	9	38	10	69	11	37	12	48	13	45	14	65	15	86	16	7	17	18	18	84	19	38
	0	77	1	68	2	74	3	11	4	55	5	76	6	46	7	4	8	42	9	22	10	16	11	25	12	21	13	47	14	15	15	67	16	36	17	90	18	49	19	56
	0	68	1	30	2	3	3	68	4	60	5	22	6	9	7	63	8	40	9	64	10	85	11	24	12	70	13	51	14	22	15	9	16	20	17	5	18	39	19	41
	0	28	1	33	2	81	3	81	4	50	5	58	6	72	7	57	8	76	9	49	10	41	11	9	12	64	13	93	14	50	15	31	16	25	17	60	18	3	19	44
	0	44	1	75	2	36	3	59	4	3	5	6	6	30	7	46	8	13	9	66	10	28	11	53	12	89	13	43	14	28	15	12	16	41	17	10	18	46	19	33
	0	31	1	91	2	18	3	1	4	77	5	3	6	26	7	3	8	81	9	1	10	90	11	35	12	86	13	63	14	24	15	25	16	20	17	22	18	73	19	36
	0	52	1	13	2	58	3	52	4	18	5	47	6	78	7	55	8	1	9	40	10	29	11	86	12	17	13	70	14	25	15	84	16	55	17	65	18	97	19	29
	0	61	1	92	2	96	3	13	4	66	5	96	6	27	7	46	8	93	9	99	10	51	11	13	12	96	13	13	14	48	15	70	16	96	17	28	18	94	19	55
	0	71	1	88	2	24	3	68	4	73	5	41	6	2	7	18	8	37	9	51	10	43	11	85	12	51	13	75	14	95	15	71	16	77	17	17	18	17	19	73
	0	30	1	23	2	48	3	21	4	14	5	82	6	12	7	94	8	96	9	74	10	94	11	5	12	63	13	2	14	71	15	69	16	59	17	39	18	59	19	27
	0	10	1	24	2	24	3	50	4	86	5	33	6	54	7	66	8	31	9	54	10	57	11	66	12	43	13	51	14	80	15	66	16	76	17	62	18	91	19	87
	0	49	1	94	2	22	3	38	4	88	5	76	6	7	7	37	8	50	9	42	10	4	11	2	12	44	13	34	14	1	15	41	16	52	17	79	18	1	19	45
	0	92	1	55	2	98	3	69	4	18	5	79	6	77	7	53	8	86	9	76	10	33	11	96	12	26	13	18	14	71	15	51	16	72	17	50	18	41	19	73
	0	31	1	57	2	61	3	47	4	25	5	94	6	11	7	13	8	12	9	29	10	20	11	67	12	48	13	99	14	91	15	77	16	34	17	14	18	7	19	96
	0	6	1	29	2	62	3	20	4	99	5	89	6	27	7	25	8	6	9	9	10	99	11	68	12	14	13	65	14	72	15	59	16	43	17	70	18	76	19	63
	0	16	1	8	2	11	3	49	4	33	5	62	6	82	7	22	8	50	9	4	10	53	11	79	12	26	13	48	14	81	15	90	16	80	17	62	18	75	19	61
	0	25	1	34	2	88	3	37	4	88	5	85	6	77	7	76	8	36	9	23	10	97	11	65	12	28	13	34	14	57	15	84	16	59	17	18	18	1	19	40
	0	82	1	22	2	34	3	60	4	26	5	5	6	45	7	57	8	3	9	75	10	29	11	7	12	8	13	13	14	98	15	86	16	57	17	94	18	18	19	78
	0	72	1	31	2	51	3	74	4	34	5	97	6	25	7	76	8	28	9	75	10	17	11	74	12	54	13	36	14	60	15	45	16	92	17	31	18	80	19	99
	0	48	1	68	2	7	3	20	4	22	5	62	6	23	7	52	8	77	9	26	10	88	11	87	12	58	13	34	14	25	15	56	16	77	17	40	18	12	19	57
	0	40	1	14	2	44	3	88	4	11	5	59	6	41	7	39	8	21	9	2	10	15	11	91	12	25	13	13	14	80	15	50	16	42	17	39	18	98	19	87
	0	16	1	53	2	67	3	69	4	45	5	59	6	52	7	96	8	38	9	13	10	44	11	69	12	30	13	11	14	94	15	81	16	42	17	34	18	53	19	59
	0	35	1	74	2	19	3	91	4	6	5	5	6	23	7	62	8	60	9	47	10	13	11	86	12	89	13	79	14	7	15	78	16	54	17	27	18	11	19	85
	0	70	1	38	2	42	3	82	4	74	5	16	6	41	7	46	8	35	9	71	10	62	11	66	12	20	13	91	14	47	15	31	16	45	17	47	18	82	19	44

	5	6	5	6	2	5	3	5	3	2	4	5	1	8	5	5	1	1	1	7	1	6	4	8	1	4	6	3	5	1	8	8	2	1	8	1	5	1	4	4	7	5	8	1	6	7	3	5	7	1	4	1	1	4	1	4	2	1	7	3	5	2	3	5	2	5	6	2	2	3	2	5	2	2	6	7	4	5	3	5	5	5	6	8	5	3	1	3	8	3	2	5	7	7	6	8	3	2	7	6	7	1	1	3	3	4	4	8	5	2	2	2	8	7	2	6	4	3	1	3	7	8	6	7	7	3	6	4	4	7	2	8	8	8	2	5	5	6	1	3	1	4	7	2	8	3	8	5	1	3	2	7	7	8	7	6	4	5	5	8	3	4	5	7	3	1	2	3	5	1	7	7	8	8	6	8	2	6	3	6	1	8	2	8	8	2	4	1	5	8	2	8	5	7	3	5	2	5	7	6	7	5	4	8	2	1	5	2	3	8	5	5	3	7	6	1	8	8	8	1	2	7	2	2	6	7	1	2	8	6	6	5	6	5	6	5	8	8	8	4	7	8	6	7	3	4	5	8	2	8	7	5	8	4	5	7	6	6	8	7	6	6	8	8	4	1	3	7	5	1	3	3	5	2	4	2	4	7	6	7	8	3	6	5	7	5	3	7	4	7	3	7	5	7	3	1	7	6	7	3	2	1	1	7	7	6	4	4	3	3	1	5	6	4	2	7	2	3	5	8	6	3	1	4	1	1	7	5	1	4	4	4	2	7	4	6	3	7	2	7	2	6	7	3	8	2	5	1	8	7	3	3	4	8	2	6	1	7	4	6	2	3	3	2	4	3	4	4	3	3	2	8	4	8	4	3	6	5	2	7	5	8	2	5	1	1	5	8	5	4	3	6	1	1	1	7	1	5	8	5	5	3	8	8	8	7	6	5	8	6	7	2	2	8	8	5	1	2	3	4	5	7	4	1	8	4	1	6	1	3	6	5	4	5	1	8	7	7	8	1	8	1	2	8	6	1	1	5	6	5	7	8	2	6	6	3	8	4	1	3	1	2	4	6	4	8	2	8	7	7	6	6	8	1	6	5	3	4	8	6	5	4	1	8	4	2	2	5	4	6	2	4	6	4	5	7	6	6	2	1	
	2	7	3	6	5	6	5	2	8	6	3	6	6	5	7	4	4	1	7	7	5	2	7	1	8	7	7	4	1	6	6	3	8	8	5	7	5	7	8	5	3	7	6	3	6	7	2	5	3	4	2	6	4	3	2	8	2	5	8	6	1	6	5	5	4	8	8	7	4	7	4	2	2	2	8	5	4	8	6	3	6	4	7	5	3	6	6	4	4	8	2	2	6	2	1	2	5	4	2	6	5	8	2	1	4	4	8	6	5	7	1	2	1	4	1	3	7	4	5	2	7	3	8	4	7	1	6	1	3	1	5	4	7	1	3	3	5	1	6	1	1	1	4	1	2	4	8	6	1	4	6	2	6	3	7	7	7	6	5	4	1	6	3	7	6	4	1	1	7	6	6	8	3	6	8	2	7	2	7	8	7	8	6	1	1	7	4	3	2	8	2	7	4	6	7	1	1	5	3	2	2	5	7	7	8	1	2	6	1	4	3	2	6	4	6	7	8	1	5	6	5	3	4	8	4	1	7	5	4	8	4	3	1	3	1	5	8	4	8	8	6	4	6	1	8	6	1	6	3	1	1	1	8	1	8	4	5	1	1	2	2	6	6	3	8	5	3	6	2	3	7	3	5	1	4	6	8	4	1	4	6	7	2	8	7	2	4	7	3	6	3	2	2	4	1	6	5	4	8	3	3	1	8	7	6	7	8	3	1	1	8	7	4	1	6	2	5	1	3	6	7	7	3	1	6	1	6	4	6	7	7	5	4	7	3	3	5	2	8	1	4	6	4	3	7	7	6	1	4	4	6	2	3	7	3	3	8	3	2	3	2	5	1	2	5	1	6	3	4	3	3	4	1	4	4	2	3	1	1	5	8	8	1	3	2	7	2	8	6	2	1	8	1	2	6	3	7	6	5	3	5	6	4	7	3	7	5	4	3	5	4	2	2	5	8	6	8	2	2	7	3	2	3	8	4	5	8	2	4	7	5	5	1	7	4	3	4	5	8	2	1	6	6	5	2	2	7	4	7	5	2	6	2	6	8	1	8	5	8	8	3	1	6	2	7	2	2	4	2	7	8	2	5	5	8	8	3	7	4	8	2	4	3	4	8	4	6	4	6	4	4	3	6	5	7	8	5	1	1	8	
	5767	6279	4735	6511	5452	4876	4829	5481	6225	5420	5958	6230	5537	5604	5875	6110	5479	5992	5198	4884	4629	6219	5104	5240	5407	5677	5229	6419	5508	5901	6042	5377	4443	5016	5212	5952	4544	5556	5475	5137	4752	4743	5428	6233	5261	5579	5381	5741	5321	5307	5926	5211	5028	5202	5008	5876	5842	5897	5809	4855	6648	5760	5457	5784	5455	4756	5486	5699	5801	5089	5994	5429	5158	5792	5665	5518	5755	4782	4947	6460	4688	5555	6169	5164	5756	4862	5885	4855	5982	5334	5624	6470	5951	5016	5662	5586	5374	5879	5314	4410	5144	4959	6096	5902	4827	6263	5283	6409	5442	5807	5254	6540	5177	5163	5641	4890	4992	5156	5404	4650	5226	6102	5004	6425	5790	5159	4579	6703	5076	6103	5242	6803	5924	5738	5983	6059	4795	6168	5685	5508	5145	5586	5816	5200	5942	5873	5849	6391	4766	5815	5040	5591	6810	5150	6453	6816	5411	5493	5297	5713	5001	5237	5082	6111	6181	6292	4953	4928	5051	6479	5608	5272	6236	4882	6059	5261	6337	5702	4635	5066	5163	4815	6123	4697	6218	5589	6255	5343	4790	5587	5755	6011	6199	5590	5725	5905	5039	5061	4865	5563	6075	5842	5507	5622	6184	5669	5301	5128	5290	5625	6551	6049	5826	5825	4710	4581	5160	5887	5233	5073	5025	5260	6378	5525	5324	6210	5118	5868	6032	5282	6570	5994	5348	6614	5462	6028	5785	4947	5205	4779	5376	4769	5851	4861	5170	5152	5900	6038	4729	4856	6483	5627	6531	6731	5549	5093	5581	5258	4818	5150	5508	6268	5428	5343	5144	4995	5600	6111	6010	5681	5230	6551	4860	5444	4965	5680	6037	5465	5251	5445	5184	5348	5439	6081	5421	4756	6437	5715	5721	5414	5292	5685	5537	5473	5260	4908	5554	5832	5911	5143	5372	5876	5321	5000	6174	6523	5285	5011	5426	5050	4477	5988	6305	4779	5701	5964	5593	6638	4702	4683	5459	5920	6214	5725	6088	5477	5311	5864	4930	5141	6187	4653	5563	5557	6725	5067	5496	5452	5790	5317	5750	5705	5365	6485	5404	5502	6126	5346	5301	5046	5661	5299	5133	5612	5534	5176	5965	5114	5880	4482	5708	5795	4760	4446	6543	5973	5350	5660	6569	6061	5334	5005	5482	5393	4938	5695	5275	5914	4568	6037	5895	5948	5525	6266	6507	5358	5908	6776	5022	4700	5330	6456	6278	5187	5492	5428	6104	5977	5162	5831	6340	5326	5468	5681	5169	4406	5611	5298	5539	5680	6535	6150	6375	5406	6173	5959	6042	5573	5483	6041	5980	5159	6046	6058	5849	5306	5184	5330	5716	5716	5251	5762	5339	5858	6108	4852	6747	6157	5536	5376	5534	6358	4646	5561	6694	5459	6101	5481	6502	5703	5778	5276	5137	4943	5138	6094	5990	5230	5897	6321	4760	4768	5206	4795	6343	5215	5624	6025	5527	6124	6096	5465	5333	5013	5507	5448	4686	5784	5226	5478	6307	5012	5464	6416	6044	5766	6849	6590	5786	5343	4900	6900	5987	5724	5736	5383	6629	5277	6113	5242	
	6138	7702	6657	7471	6345	6688	6781	7419	6471	7437	6479	6529	5696	7096	6739	6518	6182	7058	6638	6162	6601	7051	6639	7816	6888	6674	6137	6956	7712	7132	7883	6058	6656	6991	7050	6389	6639	6967	5656	6500	6627	6225	7095	7317	5817	7076	7751	6452	6552	6688	7192	6327	6132	6343	6987	7882	7995	8022	6098	7254	7217	7509	6698	6698	8094	6730	6566	6941	7585	6498	6828	7401	5739	7492	7588	7627	5939	6571	6271	7452	6830	6940	7413	7335	6720	6304	7128	6510	6113	7795	6112	7092	6792	7460	7953	6835	7906	7280	6734	6562	7673	6433	7656	7957	6469	6852	5739	6672	7612	7178	6814	7005	6369	7453	7771	6615	6329	5946	5766	6429	6179	6796	6011	7200	6017	7481	6324	6975	7305	6886	6896	7192	6612	6682	6616	7597	6571	7356	7645	5920	5955	7604	7102	6137	7136	7777	7324	6758	6398	8112	6395	8371	6991	6431	7364	7100	7058	8089	6229	7437	7348	6164	7487	7289	6889	7086	6281	7387	6563	7086	7434	6835	7738	6891	7309	7525	6704	6395	6343	7592	6613	6396	7405	6768	7578	6090	6388	5727	6209	6304	6264	6586	7162	6467	7353	7266	6716	7370	6351	5683	7496	6526	6895	8165	6534	7313	6996	6980	6374	7742	6738	6272	7125	6737	6539	6786	5993	6435	5880	7205	7517	6248	7026	7225	6911	6728	5975	6300	6550	6630	7039	6183	7409	6765	5848	6395	6257	6657	6025	6917	7061	6909	7002	7186	6074	6888	7157	7149	6756	6646	6826	6102	6812	6873	7177	7034	5902	6045	6751	5834	6549	6780	5801	6298	6499	5943	8221	7534	6557	7216	6194	6976	6064	7657	5968	7529	7922	8027	7824	6843	6184	6492	6844	7475	6665	6401	7153	6657	7163	8094	6358	7257	6701	6031	7270	6251	6482	6082	6093	7557	6983	6576	6894	6353	7413	7127	7630	7217	8081	7270	6485	6209	7371	6145	5857	7702	7938	6916	6244	6709	8163	7522	7271	7289	6726	6854	5737	6075	6365	6739	7301	6296	6415	7795	7177	6441	8180	6173	6639	6280	7715	6389	6427	7479	5765	5764	6636	5792	7322	6117	6987	6311	6351	7708	8267	7321	6496	6716	6362	6616	6267	7295	6479	6636	6857	7333	7441	8128	7086	7538	5829	7022	5813	6743	6728	6479	6209	7659	6601	7463	6553	6634	6986	7040	7421	6841	6629	7073	5877	6336	5607	6786	7642	6099	7392	6940	7714	6261	7051	7139	6800	7265	6431	8024	6028	6505	6932	6325	5869	7389	7398	7362	7114	5802	7585	7592	6719	7384	7254	7877	7802	5826	6302	6551	6843	7428	7754	7515	5886	7488	6260	7681	6134	6330	7365	7091	6983	6690	7556	7708	6158	7422	6484	8125	7048	5796	6536	6820	6634	7735	7069	5744	5967	6030	6082	6295	7201	7183	7506	7542	6419	6886	6062	7157	6836	6047	6108	7210	6588	7120	7298	7181	6669	6013	7138	6705	6638	7366	7043	6192	6501	6884	7723	6611	6503	7993	7105	7039	7197	6269	6679	7060	6880	6165	7327	7069	7289	6571	6542	6630	