100  5
4
	0	14	1	21	2	3	3	9	4	6
	0	28	1	16	2	24	3	18	4	52
	0	71	1	40	2	75	3	42	4	73
	0	57	1	45	2	31	3	29	4	71
	0	82	1	1	2	52	3	30	4	48
	0	68	1	97	2	53	3	60	4	53
	0	58	1	17	2	73	3	56	4	68
	0	61	1	65	2	3	3	30	4	72
	0	84	1	51	2	60	3	73	4	91
	0	7	1	35	2	26	3	44	4	74
	0	31	1	22	2	43	3	42	4	35
	0	12	1	27	2	69	3	10	4	34
	0	75	1	78	2	65	3	48	4	41
	0	91	1	23	2	58	3	96	4	86
	0	47	1	46	2	40	3	95	4	86
	0	53	1	6	2	46	3	65	4	19
	0	35	1	85	2	54	3	3	4	49
	0	89	1	29	2	40	3	31	4	11
	0	64	1	63	2	72	3	39	4	60
	0	67	1	7	2	71	3	92	4	25
	0	1	1	5	2	91	3	71	4	73
	0	70	1	9	2	74	3	24	4	25
	0	52	1	99	2	44	3	75	4	44
	0	31	1	31	2	25	3	11	4	45
	0	74	1	83	2	18	3	63	4	51
	0	37	1	74	2	83	3	40	4	68
	0	83	1	31	2	99	3	40	4	25
	0	21	1	76	2	9	3	74	4	12
	0	28	1	66	2	52	3	37	4	53
	0	46	1	73	2	75	3	8	4	73
	0	79	1	79	2	88	3	88	4	24
	0	95	1	48	2	58	3	90	4	39
	0	27	1	69	2	21	3	30	4	47
	0	71	1	81	2	72	3	62	4	45
	0	24	1	89	2	95	3	60	4	35
	0	99	1	75	2	73	3	3	4	69
	0	7	1	74	2	72	3	40	4	32
	0	68	1	8	2	64	3	79	4	94
	0	35	1	62	2	82	3	38	4	4
	0	83	1	36	2	91	3	97	4	6
	0	36	1	24	2	13	3	13	4	99
	0	89	1	86	2	98	3	23	4	93
	0	79	1	94	2	38	3	99	4	30
	0	64	1	67	2	44	3	43	4	24
	0	51	1	85	2	94	3	99	4	72
	0	97	1	39	2	47	3	92	4	9
	0	3	1	43	2	49	3	74	4	72
	0	9	1	92	2	32	3	97	4	78
	0	94	1	87	2	81	3	42	4	37
	0	45	1	23	2	54	3	21	4	18
	0	17	1	1	2	21	3	73	4	79
	0	56	1	19	2	52	3	90	4	20
	0	58	1	49	2	99	3	16	4	40
	0	49	1	32	2	83	3	45	4	89
	0	32	1	75	2	3	3	97	4	81
	0	49	1	74	2	30	3	7	4	86
	0	26	1	19	2	57	3	47	4	28
	0	53	1	25	2	54	3	33	4	21
	0	67	1	5	2	74	3	77	4	94
	0	31	1	75	2	29	3	91	4	53
	0	72	1	71	2	45	3	10	4	53
	0	71	1	80	2	97	3	22	4	46
	0	93	1	72	2	3	3	22	4	31
	0	23	1	60	2	55	3	3	4	84
	0	42	1	64	2	81	3	82	4	79
	0	79	1	36	2	47	3	4	4	91
	0	19	1	23	2	71	3	57	4	87
	0	43	1	7	2	37	3	21	4	45
	0	26	1	52	2	98	3	97	4	23
	0	71	1	8	2	48	3	58	4	59
	0	17	1	87	2	96	3	27	4	75
	0	37	1	5	2	11	3	25	4	52
	0	93	1	44	2	48	3	38	4	45
	0	11	1	37	2	5	3	49	4	21
	0	21	1	66	2	65	3	13	4	59
	0	79	1	74	2	2	3	68	4	21
	0	51	1	6	2	40	3	43	4	9
	0	26	1	44	2	29	3	60	4	61
	0	85	1	30	2	23	3	25	4	6
	0	41	1	78	2	96	3	63	4	58
	0	76	1	99	2	11	3	48	4	71
	0	28	1	34	2	55	3	13	4	69
	0	76	1	77	2	33	3	36	4	2
	0	40	1	51	2	44	3	71	4	50
	0	83	1	57	2	67	3	27	4	55
	0	18	1	68	2	22	3	14	4	92
	0	74	1	27	2	33	3	11	4	29
	0	8	1	36	2	96	3	87	4	2
	0	75	1	36	2	90	3	27	4	94
	0	66	1	70	2	69	3	6	4	57
	0	50	1	66	2	11	3	63	4	36
	0	16	1	79	2	23	3	61	4	74
	0	14	1	74	2	37	3	55	4	87
	0	12	1	63	2	30	3	62	4	32
	0	98	1	47	2	6	3	34	4	76
	0	71	1	40	2	66	3	17	4	86
	0	47	1	28	2	94	3	11	4	22
	0	22	1	44	2	19	3	28	4	29
	0	71	1	30	2	18	3	46	4	90
	0	44	1	48	2	57	3	63	4	44

	3	4	4	8	2	3	8	1	4	1	3	6	8	4	4	7	8	3	2	2	5	1	1	1	6	7	6	3	6	8	4	4	8	5	7	4	7	3	2	5	2	1	8	8	1	8	1	6	8	8	5	6	7	7	1	5	8	4	4	4	3	3	7	5	2	8	8	6	6	4	5	3	6	6	5	1	6	2	4	3	4	3	1	3	4	7	4	1	7	1	7	6	7	4	8	4	7	5	2	4	
	7	5	2	5	6	6	7	4	3	8	4	8	5	1	2	4	6	8	7	2	8	7	1	3	7	4	7	5	2	1	2	5	5	1	5	2	7	8	6	8	2	6	8	4	4	1	3	7	7	4	1	1	2	7	3	1	6	4	8	4	2	2	4	6	3	3	5	4	6	6	1	6	3	5	4	2	2	5	1	8	5	7	2	8	5	7	4	6	5	6	7	6	1	2	1	6	1	8	7	6	
	927	1074	925	925	1091	1036	1085	917	856	971	1019	928	965	872	1146	983	1076	894	939	1114	821	1028	939	1104	983	1163	1218	975	1085	1100	1004	1066	867	1010	1013	891	864	1143	1112	1240	941	1047	993	943	991	880	1064	1077	916	966	971	892	956	1159	1007	984	972	1183	1005	1077	1153	1057	1199	946	952	928	1092	886	1105	1069	1155	956	1029	1005	1074	933	937	1136	933	1033	1008	1191	977	992	889	1001	1021	925	972	1018	908	964	949	1035	1035	1123	1031	988	912	1103	
	1242	1410	1164	1332	1140	1355	1196	1148	1204	1277	1430	1326	1160	1134	1308	1250	1351	1337	1359	1442	1184	1425	1382	1364	1353	1358	1317	1280	1431	1135	1220	1293	1280	1104	1222	1136	1224	1192	1427	1282	1081	1446	1382	1189	1245	1169	1342	1382	1256	1098	1205	1309	1363	1190	1332	1270	1036	1373	1087	1228	1409	1225	1329	1229	1237	1215	1351	1255	1271	1452	1241	1341	1374	1507	1415	1147	1117	1435	1149	1225	1133	1364	1290	1121	1258	1103	1063	1218	1243	1404	1360	1314	1194	1368	1170	1279	1503	1326	1305	1214	