100  5
4
	0	73	1	5	2	62	3	42	4	86
	0	69	1	87	2	94	3	59	4	73
	0	8	1	54	2	58	3	91	4	89
	0	59	1	84	2	93	3	86	4	81
	0	70	1	8	2	23	3	76	4	10
	0	47	1	37	2	66	3	26	4	84
	0	2	1	40	2	47	3	78	4	98
	0	37	1	27	2	30	3	51	4	76
	0	60	1	81	2	60	3	39	4	18
	0	75	1	64	2	26	3	10	4	25
	0	7	1	80	2	84	3	95	4	77
	0	41	1	23	2	54	3	83	4	70
	0	87	1	66	2	82	3	40	4	33
	0	21	1	64	2	60	3	83	4	31
	0	55	1	19	2	13	3	20	4	41
	0	32	1	38	2	14	3	7	4	55
	0	45	1	96	2	23	3	23	4	35
	0	56	1	56	2	80	3	62	4	68
	0	92	1	16	2	56	3	42	4	19
	0	2	1	61	2	31	3	75	4	28
	0	69	1	48	2	65	3	84	4	74
	0	39	1	42	2	83	3	95	4	60
	0	52	1	28	2	52	3	77	4	81
	0	2	1	52	2	92	3	32	4	82
	0	4	1	78	2	74	3	17	4	34
	0	79	1	57	2	12	3	43	4	38
	0	55	1	28	2	65	3	53	4	92
	0	20	1	83	2	37	3	15	4	90
	0	46	1	36	2	9	3	49	4	95
	0	88	1	36	2	78	3	64	4	83
	0	47	1	28	2	40	3	76	4	8
	0	63	1	92	2	13	3	86	4	44
	0	55	1	6	2	10	3	12	4	48
	0	90	1	1	2	23	3	54	4	65
	0	29	1	89	2	50	3	62	4	79
	0	79	1	31	2	86	3	30	4	82
	0	33	1	36	2	81	3	22	4	56
	0	40	1	88	2	67	3	53	4	49
	0	21	1	74	2	20	3	61	4	25
	0	4	1	50	2	34	3	53	4	88
	0	31	1	85	2	78	3	71	4	52
	0	99	1	34	2	9	3	24	4	76
	0	74	1	37	2	3	3	55	4	36
	0	93	1	91	2	96	3	93	4	24
	0	17	1	11	2	84	3	47	4	35
	0	5	1	32	2	2	3	96	4	29
	0	76	1	83	2	46	3	51	4	9
	0	49	1	40	2	71	3	84	4	40
	0	65	1	86	2	79	3	94	4	65
	0	80	1	33	2	44	3	93	4	35
	0	42	1	58	2	89	3	16	4	54
	0	45	1	75	2	67	3	15	4	14
	0	35	1	85	2	34	3	21	4	5
	0	13	1	42	2	20	3	78	4	91
	0	57	1	71	2	88	3	77	4	24
	0	46	1	76	2	53	3	25	4	39
	0	54	1	59	2	94	3	43	4	1
	0	7	1	29	2	85	3	26	4	58
	0	58	1	57	2	2	3	54	4	88
	0	3	1	98	2	2	3	91	4	1
	0	51	1	47	2	35	3	82	4	12
	0	86	1	38	2	98	3	50	4	49
	0	21	1	98	2	33	3	65	4	69
	0	47	1	87	2	33	3	84	4	71
	0	91	1	25	2	1	3	21	4	35
	0	48	1	1	2	46	3	67	4	70
	0	21	1	60	2	7	3	96	4	64
	0	36	1	71	2	19	3	72	4	20
	0	23	1	18	2	4	3	14	4	15
	0	50	1	80	2	40	3	74	4	7
	0	86	1	41	2	33	3	77	4	73
	0	84	1	59	2	94	3	37	4	20
	0	88	1	89	2	75	3	18	4	20
	0	84	1	29	2	85	3	81	4	99
	0	31	1	54	2	33	3	92	4	16
	0	63	1	38	2	15	3	23	4	53
	0	16	1	80	2	10	3	29	4	33
	0	55	1	12	2	72	3	43	4	94
	0	12	1	56	2	24	3	3	4	14
	0	14	1	25	2	81	3	5	4	89
	0	74	1	85	2	53	3	19	4	52
	0	59	1	76	2	27	3	62	4	41
	0	21	1	33	2	23	3	33	4	12
	0	91	1	35	2	80	3	53	4	78
	0	24	1	61	2	99	3	51	4	40
	0	69	1	4	2	15	3	35	4	93
	0	49	1	70	2	85	3	96	4	35
	0	4	1	54	2	4	3	57	4	10
	0	81	1	69	2	2	3	29	4	94
	0	35	1	22	2	67	3	26	4	88
	0	82	1	47	2	72	3	18	4	84
	0	12	1	25	2	78	3	36	4	53
	0	71	1	42	2	25	3	19	4	72
	0	6	1	80	2	31	3	93	4	60
	0	59	1	43	2	63	3	69	4	59
	0	95	1	32	2	57	3	39	4	63
	0	13	1	85	2	36	3	79	4	24
	0	40	1	11	2	72	3	15	4	41
	0	12	1	72	2	73	3	13	4	8
	0	43	1	17	2	87	3	7	4	73

	4	2	3	4	2	6	5	4	1	7	7	4	2	8	8	2	2	4	3	4	8	3	6	4	5	7	4	7	2	2	1	4	1	8	8	4	5	8	1	5	5	5	8	2	7	6	3	6	5	7	3	4	4	2	5	4	4	2	6	6	6	7	2	1	8	8	8	6	7	1	8	5	7	1	5	3	4	4	4	6	7	3	6	5	3	4	7	6	8	8	2	8	6	4	5	3	7	2	3	7	
	4	8	6	3	2	5	5	1	6	4	4	5	6	3	3	1	3	6	2	4	4	5	8	5	2	6	4	3	5	1	5	2	5	2	1	4	6	8	6	4	8	4	1	7	4	3	6	2	3	8	4	2	1	2	2	3	2	2	6	6	5	5	3	3	4	2	6	1	8	2	7	5	2	2	6	8	3	3	4	7	6	1	7	4	6	1	2	7	7	1	2	5	8	8	6	3	5	2	6	8	
	496	559	743	760	667	490	585	528	517	720	587	674	653	781	700	510	880	525	680	844	639	653	733	466	679	531	504	663	419	610	870	686	470	561	662	706	722	580	760	444	561	471	883	649	559	764	483	584	534	693	451	395	363	574	756	870	638	766	569	730	670	511	605	584	697	794	694	740	512	483	724	520	957	567	626	584	489	720	897	448	563	737	706	648	710	646	754	900	623	593	401	656	682	583	748	519	858	539	532	709	
	1317	1439	1068	794	822	1058	850	1254	1034	882	951	941	973	903	1018	1183	971	1059	1012	1110	977	949	852	1238	998	1439	948	916	1023	1198	1104	850	1221	1425	1136	1135	1080	1336	948	1130	1432	1084	961	842	1219	1154	1395	883	1004	1251	1092	1066	1075	1119	1016	963	981	1230	1176	1113	965	1321	1253	1255	1295	852	1090	1111	1148	1140	810	980	1048	1049	1098	847	1133	767	936	1234	960	1168	1172	1097	795	834	798	924	1047	1001	1067	1094	967	1376	1017	1438	978	1228	1387	1042	