16  5
4
	0	13	1	74	2	76	3	68	4	57
	0	7	1	27	2	5	3	6	4	31
	0	98	1	14	2	44	3	27	4	9
	0	22	1	1	2	61	3	21	4	77
	0	7	1	28	2	42	3	78	4	86
	0	96	1	66	2	96	3	17	4	53
	0	60	1	29	2	53	3	17	4	52
	0	54	1	6	2	69	3	66	4	49
	0	14	1	37	2	32	3	10	4	68
	0	6	1	39	2	88	3	50	4	55
	0	27	1	21	2	10	3	55	4	30
	0	24	1	95	2	51	3	25	4	77
	0	9	1	29	2	31	3	24	4	42
	0	46	1	74	2	48	3	26	4	63
	0	28	1	19	2	91	3	14	4	52
	0	19	1	33	2	91	3	39	4	70

	7	1	3	7	2	5	7	7	8	3	7	8	4	4	9	3	
	9	6	5	8	3	7	6	4	4	8	6	9	5	9	4	2	
	195	167	220	245	205	136	192	198	235	371	266	418	419	269	100	202	
	266	188	328	302	285	169	250	235	275	378	339	480	511	289	124	208	