16  4
4
	0	72	1	9	2	9	3	98
	0	43	1	48	2	67	3	10
	0	63	1	76	2	97	3	81
	0	66	1	18	2	60	3	29
	0	19	1	82	2	95	3	17
	0	67	1	45	2	30	3	17
	0	5	1	73	2	16	3	10
	0	94	1	85	2	91	3	49
	0	45	1	19	2	49	3	52
	0	24	1	55	2	23	3	18
	0	64	1	27	2	40	3	61
	0	90	1	99	2	10	3	13
	0	66	1	14	2	32	3	43
	0	54	1	17	2	52	3	96
	0	30	1	32	2	98	3	43
	0	92	1	38	2	68	3	92

	7	2	1	6	5	5	2	4	7	7	7	3	5	8	8	1	
	2	6	8	2	6	7	4	5	5	3	9	7	3	9	6	6	
	247	183	100	211	52	135	47	235	146	140	202	166	102	139	34	78	
	282	265	130	257	77	153	62	242	217	147	237	172	114	194	49	89	