16  5
4
	0	45	1	40	2	32	3	43	4	47
	0	63	1	48	2	32	3	96	4	48
	0	24	1	26	2	3	3	52	4	28
	0	44	1	92	2	34	3	5	4	1
	0	19	1	50	2	30	3	81	4	88
	0	90	1	24	2	54	3	52	4	53
	0	71	1	44	2	36	3	22	4	48
	0	45	1	24	2	7	3	75	4	40
	0	24	1	59	2	31	3	51	4	53
	0	71	1	5	2	56	3	55	4	27
	0	65	1	20	2	19	3	49	4	79
	0	43	1	53	2	77	3	12	4	29
	0	59	1	62	2	72	3	2	4	91
	0	64	1	15	2	52	3	96	4	86
	0	88	1	75	2	71	3	86	4	97
	0	31	1	95	2	45	3	26	4	50

	3	9	6	4	3	8	9	5	3	6	2	5	8	3	5	5	
	7	7	4	3	7	6	9	4	3	3	7	2	8	7	8	7	
	198	290	19	77	145	207	114	6	168	44	283	111	0	120	244	0	
	562	497	53	110	160	301	312	11	243	113	402	333	0	304	401	0	