16  4
4
	0	80	1	18	2	44	3	69
	0	7	1	11	2	25	3	10
	0	98	1	85	2	66	3	47
	0	45	1	70	2	21	3	6
	0	44	1	69	2	4	3	46
	0	11	1	48	2	72	3	47
	0	58	1	2	2	9	3	77
	0	75	1	13	2	64	3	79
	0	11	1	67	2	56	3	38
	0	52	1	74	2	43	3	16
	0	34	1	20	2	12	3	59
	0	30	1	49	2	47	3	22
	0	5	1	49	2	80	3	58
	0	39	1	84	2	23	3	85
	0	45	1	8	2	40	3	99
	0	43	1	38	2	25	3	14

	4	3	6	8	8	1	6	5	7	2	7	8	7	7	6	1	
	8	4	5	7	6	3	6	4	3	1	8	6	3	2	3	8	
	156	161	110	164	104	176	215	166	215	112	187	175	135	195	145	161	
	297	311	241	239	285	193	242	286	269	334	287	212	329	289	332	265	