16  4
4
	0	75	1	44	2	5	3	56
	0	74	1	17	2	53	3	75
	0	81	1	69	2	9	3	37
	0	96	1	19	2	8	3	92
	0	72	1	72	2	87	3	53
	0	5	1	9	2	8	3	28
	0	86	1	61	2	60	3	55
	0	76	1	75	2	43	3	38
	0	55	1	37	2	90	3	75
	0	96	1	92	2	79	3	45
	0	45	1	16	2	47	3	72
	0	97	1	86	2	94	3	11
	0	33	1	90	2	61	3	87
	0	18	1	54	2	94	3	21
	0	10	1	63	2	54	3	98
	0	3	1	49	2	13	3	68

	4	9	6	7	2	5	4	6	4	2	7	8	5	9	8	2	
	2	4	6	2	2	7	6	4	6	9	3	5	5	2	2	3	
	308	219	229	343	449	276	277	299	286	255	206	237	231	434	284	205	
	418	275	318	429	468	334	382	346	347	334	285	343	252	473	425	263	