16  4
4
	0	59	1	94	2	58	3	57
	0	70	1	14	2	92	3	23
	0	5	1	94	2	77	3	89
	0	70	1	51	2	12	3	35
	0	84	1	69	2	1	3	15
	0	2	1	79	2	53	3	88
	0	85	1	15	2	41	3	98
	0	58	1	15	2	99	3	49
	0	34	1	65	2	63	3	39
	0	15	1	27	2	44	3	29
	0	92	1	58	2	4	3	68
	0	14	1	53	2	78	3	8
	0	78	1	51	2	65	3	54
	0	82	1	72	2	59	3	69
	0	28	1	5	2	10	3	8
	0	72	1	35	2	53	3	36

	6	3	3	4	8	7	3	6	7	8	1	8	3	5	4	4	
	8	6	2	7	7	6	4	9	8	6	3	3	7	5	2	9	
	55	141	146	104	76	98	73	77	141	56	34	43	189	93	183	99	
	123	173	306	299	115	114	169	153	212	94	62	92	245	161	223	282	