16  4
4
	0	75	1	44	2	5	3	56
	0	74	1	17	2	53	3	75
	0	81	1	69	2	9	3	37
	0	96	1	19	2	8	3	92
	0	72	1	72	2	87	3	53
	0	5	1	9	2	8	3	28
	0	86	1	61	2	60	3	55
	0	76	1	75	2	43	3	38
	0	55	1	37	2	90	3	75
	0	96	1	92	2	79	3	45
	0	45	1	16	2	47	3	72
	0	97	1	86	2	94	3	11
	0	33	1	90	2	61	3	87
	0	18	1	54	2	94	3	21
	0	10	1	63	2	54	3	98
	0	3	1	49	2	13	3	68

	8	4	3	7	4	8	2	8	6	3	8	9	2	5	5	6	
	3	2	5	4	4	4	6	8	7	1	4	8	3	8	8	2	
	184	150	506	221	436	293	285	198	173	466	526	466	373	119	157	383	
	209	184	530	296	453	399	383	235	198	599	554	565	462	169	193	493	