16  4
4
	0	56	1	53	2	61	3	16
	0	33	1	60	2	71	3	82
	0	29	1	3	2	81	3	96
	0	9	1	41	2	29	3	2
	0	16	1	59	2	34	3	78
	0	46	1	46	2	6	3	49
	0	2	1	5	2	68	3	93
	0	90	1	54	2	82	3	96
	0	43	1	33	2	41	3	11
	0	53	1	17	2	65	3	8
	0	68	1	10	2	41	3	26
	0	98	1	73	2	64	3	63
	0	97	1	97	2	85	3	65
	0	56	1	31	2	67	3	94
	0	99	1	30	2	6	3	1
	0	71	1	86	2	77	3	18

	3	8	3	6	3	8	2	2	3	8	5	4	6	4	5	7	
	6	8	7	2	6	7	5	2	6	8	5	5	7	3	5	5	
	217	222	183	227	253	450	332	454	180	303	354	362	138	302	402	235	
	304	282	256	235	269	516	341	463	206	360	452	438	204	437	510	307	