16  5
4
	0	63	1	33	2	43	3	79	4	45
	0	43	1	32	2	18	3	89	4	80
	0	34	1	61	2	65	3	13	4	72
	0	10	1	52	2	65	3	93	4	82
	0	40	1	44	2	88	3	82	4	10
	0	55	1	71	2	91	3	46	4	90
	0	4	1	26	2	64	3	73	4	33
	0	16	1	53	2	2	3	78	4	95
	0	67	1	20	2	98	3	15	4	20
	0	4	1	10	2	5	3	57	4	57
	0	50	1	56	2	20	3	34	4	5
	0	14	1	24	2	48	3	30	4	75
	0	4	1	33	2	48	3	37	4	13
	0	52	1	12	2	62	3	82	4	92
	0	36	1	39	2	52	3	74	4	62
	0	43	1	55	2	62	3	4	4	54

	5	3	6	7	5	2	3	1	8	1	9	8	4	9	2	5	
	5	2	4	6	5	7	4	3	8	7	7	6	6	1	4	6	
	169	245	309	242	233	195	321	293	326	279	250	223	275	276	173	266	
	474	304	357	423	379	345	334	382	349	336	436	328	301	341	407	414	