16  5
4
	0	19	1	26	2	54	3	90	4	26
	0	15	1	83	2	50	3	24	4	97
	0	85	1	26	2	54	3	74	4	8
	0	65	1	7	2	22	3	50	4	19
	0	33	1	82	2	90	3	21	4	95
	0	19	1	78	2	26	3	8	4	27
	0	66	1	44	2	33	3	87	4	73
	0	29	1	76	2	91	3	1	4	4
	0	62	1	78	2	26	3	41	4	76
	0	71	1	73	2	31	3	52	4	4
	0	16	1	98	2	91	3	48	4	52
	0	52	1	58	2	22	3	94	4	80
	0	5	1	16	2	29	3	28	4	99
	0	65	1	48	2	17	3	71	4	72
	0	60	1	92	2	86	3	34	4	41
	0	14	1	32	2	55	3	66	4	9

	2	8	6	4	4	6	8	6	6	5	8	4	2	1	5	5	
	2	2	7	1	7	4	7	1	5	8	4	4	7	8	4	2	
	131	39	97	220	209	226	58	103	125	50	105	215	137	135	129	123	
	151	47	123	244	313	244	79	154	131	66	135	279	186	164	135	180	