16  5
4
	0	13	1	74	2	76	3	68	4	57
	0	7	1	27	2	5	3	6	4	31
	0	98	1	14	2	44	3	27	4	9
	0	22	1	1	2	61	3	21	4	77
	0	7	1	28	2	42	3	78	4	86
	0	96	1	66	2	96	3	17	4	53
	0	60	1	29	2	53	3	17	4	52
	0	54	1	6	2	69	3	66	4	49
	0	14	1	37	2	32	3	10	4	68
	0	6	1	39	2	88	3	50	4	55
	0	27	1	21	2	10	3	55	4	30
	0	24	1	95	2	51	3	25	4	77
	0	9	1	29	2	31	3	24	4	42
	0	46	1	74	2	48	3	26	4	63
	0	28	1	19	2	91	3	14	4	52
	0	19	1	33	2	91	3	39	4	70

	7	2	9	2	1	9	4	4	3	4	2	4	3	3	2	9	
	6	8	7	7	8	8	7	7	5	5	6	6	5	8	5	7	
	298	222	134	1	181	14	17	287	118	142	178	251	185	79	133	249	
	367	352	249	2	450	28	52	371	136	153	302	291	438	138	177	342	