16  4
4
	0	80	1	18	2	44	3	69
	0	7	1	11	2	25	3	10
	0	98	1	85	2	66	3	47
	0	45	1	70	2	21	3	6
	0	44	1	69	2	4	3	46
	0	11	1	48	2	72	3	47
	0	58	1	2	2	9	3	77
	0	75	1	13	2	64	3	79
	0	11	1	67	2	56	3	38
	0	52	1	74	2	43	3	16
	0	34	1	20	2	12	3	59
	0	30	1	49	2	47	3	22
	0	5	1	49	2	80	3	58
	0	39	1	84	2	23	3	85
	0	45	1	8	2	40	3	99
	0	43	1	38	2	25	3	14

	2	5	3	3	7	8	9	3	3	5	3	3	4	9	4	2	
	3	7	7	1	7	3	4	5	3	3	4	3	6	6	8	5	
	105	117	109	123	115	152	134	111	144	132	130	110	135	144	160	144	
	151	132	114	185	130	188	138	147	175	162	161	121	147	185	171	190	