16  4
4
	0	75	1	44	2	5	3	56
	0	74	1	17	2	53	3	75
	0	81	1	69	2	9	3	37
	0	96	1	19	2	8	3	92
	0	72	1	72	2	87	3	53
	0	5	1	9	2	8	3	28
	0	86	1	61	2	60	3	55
	0	76	1	75	2	43	3	38
	0	55	1	37	2	90	3	75
	0	96	1	92	2	79	3	45
	0	45	1	16	2	47	3	72
	0	97	1	86	2	94	3	11
	0	33	1	90	2	61	3	87
	0	18	1	54	2	94	3	21
	0	10	1	63	2	54	3	98
	0	3	1	49	2	13	3	68

	7	2	7	3	2	4	7	6	8	8	2	2	4	2	2	8	
	6	8	3	1	5	5	6	6	7	3	2	2	6	6	4	4	
	335	220	336	274	242	192	286	221	200	347	247	165	211	220	386	326	
	454	255	362	427	552	284	457	580	468	551	326	275	381	244	506	509	