16  5
4
	0	19	1	54	2	13	3	51	4	79
	0	64	1	31	2	57	3	87	4	18
	0	21	1	42	2	90	3	31	4	12
	0	61	1	78	2	88	3	65	4	84
	0	86	1	72	2	15	3	60	4	62
	0	22	1	53	2	44	3	52	4	96
	0	53	1	28	2	95	3	41	4	84
	0	32	1	17	2	82	3	69	4	41
	0	54	1	89	2	9	3	95	4	80
	0	91	1	47	2	89	3	91	4	35
	0	64	1	4	2	65	3	19	4	24
	0	97	1	33	2	37	3	99	4	43
	0	98	1	20	2	71	3	48	4	2
	0	64	1	66	2	27	3	25	4	76
	0	63	1	11	2	68	3	73	4	12
	0	96	1	56	2	29	3	22	4	82

	7	5	5	7	3	1	9	3	7	4	4	4	8	2	2	6	
	3	6	2	5	2	2	5	5	6	8	2	8	6	8	8	5	
	453	378	259	132	326	461	393	269	304	254	295	472	235	219	135	101	
	568	443	532	391	605	570	437	393	324	455	530	488	424	492	147	231	