16  5
4
	0	13	1	74	2	76	3	68	4	57
	0	7	1	27	2	5	3	6	4	31
	0	98	1	14	2	44	3	27	4	9
	0	22	1	1	2	61	3	21	4	77
	0	7	1	28	2	42	3	78	4	86
	0	96	1	66	2	96	3	17	4	53
	0	60	1	29	2	53	3	17	4	52
	0	54	1	6	2	69	3	66	4	49
	0	14	1	37	2	32	3	10	4	68
	0	6	1	39	2	88	3	50	4	55
	0	27	1	21	2	10	3	55	4	30
	0	24	1	95	2	51	3	25	4	77
	0	9	1	29	2	31	3	24	4	42
	0	46	1	74	2	48	3	26	4	63
	0	28	1	19	2	91	3	14	4	52
	0	19	1	33	2	91	3	39	4	70

	6	3	6	4	2	7	9	3	4	5	3	9	2	7	3	1	
	7	8	1	5	2	2	2	6	2	3	4	3	6	4	6	2	
	250	293	298	283	249	295	245	240	237	231	208	257	312	315	257	269	
	318	367	346	316	292	315	305	349	311	316	312	358	322	328	313	358	