16  5
4
	0	63	1	33	2	43	3	79	4	45
	0	43	1	32	2	18	3	89	4	80
	0	34	1	61	2	65	3	13	4	72
	0	10	1	52	2	65	3	93	4	82
	0	40	1	44	2	88	3	82	4	10
	0	55	1	71	2	91	3	46	4	90
	0	4	1	26	2	64	3	73	4	33
	0	16	1	53	2	2	3	78	4	95
	0	67	1	20	2	98	3	15	4	20
	0	4	1	10	2	5	3	57	4	57
	0	50	1	56	2	20	3	34	4	5
	0	14	1	24	2	48	3	30	4	75
	0	4	1	33	2	48	3	37	4	13
	0	52	1	12	2	62	3	82	4	92
	0	36	1	39	2	52	3	74	4	62
	0	43	1	55	2	62	3	4	4	54

	5	5	3	4	7	2	2	2	8	3	9	4	5	5	4	4	
	4	5	8	3	8	3	3	3	5	2	8	3	3	4	4	8	
	118	156	150	149	172	162	184	128	113	121	105	178	105	182	149	169	
	174	201	220	215	186	182	201	188	148	128	155	200	142	196	213	197	