16  4
4
	0	75	1	44	2	5	3	56
	0	74	1	17	2	53	3	75
	0	81	1	69	2	9	3	37
	0	96	1	19	2	8	3	92
	0	72	1	72	2	87	3	53
	0	5	1	9	2	8	3	28
	0	86	1	61	2	60	3	55
	0	76	1	75	2	43	3	38
	0	55	1	37	2	90	3	75
	0	96	1	92	2	79	3	45
	0	45	1	16	2	47	3	72
	0	97	1	86	2	94	3	11
	0	33	1	90	2	61	3	87
	0	18	1	54	2	94	3	21
	0	10	1	63	2	54	3	98
	0	3	1	49	2	13	3	68

	4	8	9	2	2	4	6	2	8	9	6	4	4	7	2	3	
	5	3	4	8	8	2	6	5	6	5	8	3	3	6	6	4	
	266	254	220	274	195	218	222	204	230	215	235	218	225	207	250	205	
	285	295	306	305	282	233	238	248	251	226	308	326	320	270	273	295	