16  5
4
	0	63	1	33	2	43	3	79	4	45
	0	43	1	32	2	18	3	89	4	80
	0	34	1	61	2	65	3	13	4	72
	0	10	1	52	2	65	3	93	4	82
	0	40	1	44	2	88	3	82	4	10
	0	55	1	71	2	91	3	46	4	90
	0	4	1	26	2	64	3	73	4	33
	0	16	1	53	2	2	3	78	4	95
	0	67	1	20	2	98	3	15	4	20
	0	4	1	10	2	5	3	57	4	57
	0	50	1	56	2	20	3	34	4	5
	0	14	1	24	2	48	3	30	4	75
	0	4	1	33	2	48	3	37	4	13
	0	52	1	12	2	62	3	82	4	92
	0	36	1	39	2	52	3	74	4	62
	0	43	1	55	2	62	3	4	4	54

	8	2	9	6	4	8	9	6	5	8	1	1	6	6	2	8	
	9	3	8	3	4	6	8	2	5	7	2	5	2	7	9	5	
	110	109	88	103	138	105	93	147	146	106	97	139	84	123	115	152	
	248	145	175	249	188	211	180	234	193	243	233	222	175	146	242	174	