16  5
4
	0	13	1	74	2	76	3	68	4	57
	0	7	1	27	2	5	3	6	4	31
	0	98	1	14	2	44	3	27	4	9
	0	22	1	1	2	61	3	21	4	77
	0	7	1	28	2	42	3	78	4	86
	0	96	1	66	2	96	3	17	4	53
	0	60	1	29	2	53	3	17	4	52
	0	54	1	6	2	69	3	66	4	49
	0	14	1	37	2	32	3	10	4	68
	0	6	1	39	2	88	3	50	4	55
	0	27	1	21	2	10	3	55	4	30
	0	24	1	95	2	51	3	25	4	77
	0	9	1	29	2	31	3	24	4	42
	0	46	1	74	2	48	3	26	4	63
	0	28	1	19	2	91	3	14	4	52
	0	19	1	33	2	91	3	39	4	70

	7	5	4	1	7	5	8	7	8	1	5	7	6	6	3	5	
	2	7	6	7	8	5	2	2	1	3	4	1	2	4	7	6	
	195	221	218	203	106	299	257	188	263	228	149	296	119	243	184	108	
	431	315	363	264	250	482	405	248	352	245	303	454	195	392	530	280	