16  4
4
	0	72	1	9	2	9	3	98
	0	43	1	48	2	67	3	10
	0	63	1	76	2	97	3	81
	0	66	1	18	2	60	3	29
	0	19	1	82	2	95	3	17
	0	67	1	45	2	30	3	17
	0	5	1	73	2	16	3	10
	0	94	1	85	2	91	3	49
	0	45	1	19	2	49	3	52
	0	24	1	55	2	23	3	18
	0	64	1	27	2	40	3	61
	0	90	1	99	2	10	3	13
	0	66	1	14	2	32	3	43
	0	54	1	17	2	52	3	96
	0	30	1	32	2	98	3	43
	0	92	1	38	2	68	3	92

	5	5	5	4	6	8	9	5	6	7	7	6	6	7	3	9	
	7	8	8	3	7	8	2	6	8	2	2	3	5	4	3	8	
	143	221	118	127	114	223	303	246	179	180	136	116	263	213	233	144	
	153	244	145	143	155	296	338	349	235	185	140	124	353	226	256	151	