16  4
4
	0	56	1	53	2	61	3	16
	0	33	1	60	2	71	3	82
	0	29	1	3	2	81	3	96
	0	9	1	41	2	29	3	2
	0	16	1	59	2	34	3	78
	0	46	1	46	2	6	3	49
	0	2	1	5	2	68	3	93
	0	90	1	54	2	82	3	96
	0	43	1	33	2	41	3	11
	0	53	1	17	2	65	3	8
	0	68	1	10	2	41	3	26
	0	98	1	73	2	64	3	63
	0	97	1	97	2	85	3	65
	0	56	1	31	2	67	3	94
	0	99	1	30	2	6	3	1
	0	71	1	86	2	77	3	18

	2	6	3	7	8	7	2	6	2	8	6	3	2	8	9	2	
	2	8	5	5	7	3	1	6	5	6	5	6	3	7	5	3	
	199	231	257	228	245	173	158	184	205	250	184	179	202	178	207	236	
	289	271	269	248	253	248	228	201	227	276	231	212	270	217	290	286	