16  4
4
	0	75	1	44	2	5	3	56
	0	74	1	17	2	53	3	75
	0	81	1	69	2	9	3	37
	0	96	1	19	2	8	3	92
	0	72	1	72	2	87	3	53
	0	5	1	9	2	8	3	28
	0	86	1	61	2	60	3	55
	0	76	1	75	2	43	3	38
	0	55	1	37	2	90	3	75
	0	96	1	92	2	79	3	45
	0	45	1	16	2	47	3	72
	0	97	1	86	2	94	3	11
	0	33	1	90	2	61	3	87
	0	18	1	54	2	94	3	21
	0	10	1	63	2	54	3	98
	0	3	1	49	2	13	3	68

	7	3	7	3	7	6	6	1	7	1	1	3	7	2	2	8	
	5	7	2	2	6	2	7	7	7	5	9	3	1	4	5	1	
	244	222	104	147	302	170	205	260	242	192	267	143	325	187	325	215	
	277	282	154	199	328	235	240	387	287	243	339	197	404	198	413	266	