16  4
4
	0	75	1	44	2	5	3	56
	0	74	1	17	2	53	3	75
	0	81	1	69	2	9	3	37
	0	96	1	19	2	8	3	92
	0	72	1	72	2	87	3	53
	0	5	1	9	2	8	3	28
	0	86	1	61	2	60	3	55
	0	76	1	75	2	43	3	38
	0	55	1	37	2	90	3	75
	0	96	1	92	2	79	3	45
	0	45	1	16	2	47	3	72
	0	97	1	86	2	94	3	11
	0	33	1	90	2	61	3	87
	0	18	1	54	2	94	3	21
	0	10	1	63	2	54	3	98
	0	3	1	49	2	13	3	68

	4	6	7	5	3	7	2	1	5	9	6	5	3	7	1	6	
	4	2	4	4	3	5	4	9	8	2	2	4	2	2	8	4	
	192	208	194	202	33	157	99	93	89	51	157	79	128	69	141	229	
	212	358	367	209	60	168	239	279	267	101	355	102	290	106	194	356	