16  5
4
	0	45	1	40	2	32	3	43	4	47
	0	63	1	48	2	32	3	96	4	48
	0	24	1	26	2	3	3	52	4	28
	0	44	1	92	2	34	3	5	4	1
	0	19	1	50	2	30	3	81	4	88
	0	90	1	24	2	54	3	52	4	53
	0	71	1	44	2	36	3	22	4	48
	0	45	1	24	2	7	3	75	4	40
	0	24	1	59	2	31	3	51	4	53
	0	71	1	5	2	56	3	55	4	27
	0	65	1	20	2	19	3	49	4	79
	0	43	1	53	2	77	3	12	4	29
	0	59	1	62	2	72	3	2	4	91
	0	64	1	15	2	52	3	96	4	86
	0	88	1	75	2	71	3	86	4	97
	0	31	1	95	2	45	3	26	4	50

	3	4	3	6	7	7	5	4	6	6	9	4	7	5	7	8	
	5	6	7	3	3	4	7	6	2	3	5	9	6	5	4	4	
	204	143	188	167	131	159	129	144	135	169	144	141	172	156	162	157	
	216	199	219	226	158	229	137	149	158	252	213	203	205	198	197	175	