16  4
4
	0	75	1	44	2	5	3	56
	0	74	1	17	2	53	3	75
	0	81	1	69	2	9	3	37
	0	96	1	19	2	8	3	92
	0	72	1	72	2	87	3	53
	0	5	1	9	2	8	3	28
	0	86	1	61	2	60	3	55
	0	76	1	75	2	43	3	38
	0	55	1	37	2	90	3	75
	0	96	1	92	2	79	3	45
	0	45	1	16	2	47	3	72
	0	97	1	86	2	94	3	11
	0	33	1	90	2	61	3	87
	0	18	1	54	2	94	3	21
	0	10	1	63	2	54	3	98
	0	3	1	49	2	13	3	68

	2	5	2	2	9	2	2	5	7	8	8	3	4	8	7	4	
	5	8	6	4	9	3	5	2	8	2	4	4	6	5	6	4	
	148	155	260	184	259	335	155	338	159	282	191	123	273	321	239	135	
	158	309	301	203	451	363	390	362	257	368	504	169	381	359	318	145	