16  5
4
	0	19	1	26	2	54	3	90	4	26
	0	15	1	83	2	50	3	24	4	97
	0	85	1	26	2	54	3	74	4	8
	0	65	1	7	2	22	3	50	4	19
	0	33	1	82	2	90	3	21	4	95
	0	19	1	78	2	26	3	8	4	27
	0	66	1	44	2	33	3	87	4	73
	0	29	1	76	2	91	3	1	4	4
	0	62	1	78	2	26	3	41	4	76
	0	71	1	73	2	31	3	52	4	4
	0	16	1	98	2	91	3	48	4	52
	0	52	1	58	2	22	3	94	4	80
	0	5	1	16	2	29	3	28	4	99
	0	65	1	48	2	17	3	71	4	72
	0	60	1	92	2	86	3	34	4	41
	0	14	1	32	2	55	3	66	4	9

	3	3	5	6	1	5	4	4	3	9	1	1	8	2	3	1	
	5	2	6	3	2	1	8	9	7	7	6	5	4	6	8	2	
	177	73	146	79	128	93	90	63	98	34	41	74	140	108	151	130	
	337	204	257	154	158	272	132	67	163	93	86	91	200	149	285	305	