16  4
4
	0	56	1	53	2	61	3	16
	0	33	1	60	2	71	3	82
	0	29	1	3	2	81	3	96
	0	9	1	41	2	29	3	2
	0	16	1	59	2	34	3	78
	0	46	1	46	2	6	3	49
	0	2	1	5	2	68	3	93
	0	90	1	54	2	82	3	96
	0	43	1	33	2	41	3	11
	0	53	1	17	2	65	3	8
	0	68	1	10	2	41	3	26
	0	98	1	73	2	64	3	63
	0	97	1	97	2	85	3	65
	0	56	1	31	2	67	3	94
	0	99	1	30	2	6	3	1
	0	71	1	86	2	77	3	18

	2	7	5	6	3	2	7	9	8	1	8	2	6	3	3	7	
	6	8	3	7	9	2	5	5	6	9	7	8	3	7	8	1	
	32	57	121	198	113	104	223	98	70	249	75	154	140	145	245	73	
	42	69	158	221	141	122	282	123	87	276	92	199	163	213	265	106	