16  4
4
	0	72	1	9	2	9	3	98
	0	43	1	48	2	67	3	10
	0	63	1	76	2	97	3	81
	0	66	1	18	2	60	3	29
	0	19	1	82	2	95	3	17
	0	67	1	45	2	30	3	17
	0	5	1	73	2	16	3	10
	0	94	1	85	2	91	3	49
	0	45	1	19	2	49	3	52
	0	24	1	55	2	23	3	18
	0	64	1	27	2	40	3	61
	0	90	1	99	2	10	3	13
	0	66	1	14	2	32	3	43
	0	54	1	17	2	52	3	96
	0	30	1	32	2	98	3	43
	0	92	1	38	2	68	3	92

	9	7	8	9	3	2	8	5	2	7	1	4	7	5	9	4	
	7	5	9	5	4	6	3	2	7	8	5	6	5	3	6	9	
	158	151	289	128	351	251	249	210	325	211	251	155	353	220	164	170	
	293	452	517	294	399	515	503	596	334	383	419	365	409	270	301	394	