16  4
4
	0	56	1	53	2	61	3	16
	0	33	1	60	2	71	3	82
	0	29	1	3	2	81	3	96
	0	9	1	41	2	29	3	2
	0	16	1	59	2	34	3	78
	0	46	1	46	2	6	3	49
	0	2	1	5	2	68	3	93
	0	90	1	54	2	82	3	96
	0	43	1	33	2	41	3	11
	0	53	1	17	2	65	3	8
	0	68	1	10	2	41	3	26
	0	98	1	73	2	64	3	63
	0	97	1	97	2	85	3	65
	0	56	1	31	2	67	3	94
	0	99	1	30	2	6	3	1
	0	71	1	86	2	77	3	18

	6	8	7	8	8	2	2	7	9	1	4	4	2	2	2	6	
	4	7	4	2	9	9	5	9	2	5	2	6	4	8	6	4	
	108	60	139	127	151	108	110	171	102	83	106	67	116	119	106	107	
	229	166	194	151	159	195	215	193	131	227	151	170	185	238	257	118	