16  5
2
	0	15	1	55	2	5	3	87	4	46
	0	94	1	42	2	12	3	37	4	49
	0	82	1	69	2	98	3	26	4	26
	0	88	1	38	2	19	3	3	4	48
	0	63	1	41	2	96	3	65	4	86
	0	51	1	86	2	49	3	28	4	6
	0	8	1	99	2	58	3	90	4	94
	0	66	1	34	2	97	3	50	4	99
	0	94	1	45	2	62	3	55	4	38
	0	73	1	51	2	44	3	97	4	52
	0	21	1	28	2	83	3	82	4	61
	0	8	1	51	2	93	3	98	4	57
	0	24	1	40	2	19	3	91	4	78
	0	78	1	97	2	84	3	64	4	59
	0	2	1	60	2	28	3	71	4	64
	0	36	1	42	2	31	3	49	4	85

	4	6	8	3	5	4	5	4	7	6	2	2	9	3	3	3	
	5	7	7	6	8	4	5	7	2	8	3	1	5	7	5	5	
	377	116	284	112	191	102	176	282	242	177	357	363	214	346	255	243	
	402	156	410	134	270	114	213	397	334	238	444	388	228	400	260	306	