16  4
2
	0	67	1	93	2	58	3	33
	0	32	1	42	2	30	3	63
	0	81	1	10	2	25	3	22
	0	92	1	6	2	3	3	66
	0	98	1	24	2	33	3	85
	0	62	1	10	2	94	3	91
	0	63	1	41	2	23	3	97
	0	29	1	76	2	3	3	60
	0	17	1	93	2	59	3	18
	0	11	1	96	2	17	3	33
	0	16	1	8	2	13	3	29
	0	51	1	38	2	75	3	80
	0	69	1	13	2	33	3	86
	0	60	1	11	2	92	3	57
	0	18	1	14	2	98	3	69
	0	73	1	98	2	82	3	85

	2	7	4	4	3	3	8	5	3	7	6	5	7	1	6	9	
	4	5	6	5	3	7	7	6	6	2	5	4	9	7	6	2	
	379	192	371	288	265	192	216	141	189	218	333	104	402	137	255	187	
	579	376	406	299	328	356	564	211	279	334	434	258	543	255	765	319	