16  4
2
	0	67	1	93	2	58	3	33
	0	32	1	42	2	30	3	63
	0	81	1	10	2	25	3	22
	0	92	1	6	2	3	3	66
	0	98	1	24	2	33	3	85
	0	62	1	10	2	94	3	91
	0	63	1	41	2	23	3	97
	0	29	1	76	2	3	3	60
	0	17	1	93	2	59	3	18
	0	11	1	96	2	17	3	33
	0	16	1	8	2	13	3	29
	0	51	1	38	2	75	3	80
	0	69	1	13	2	33	3	86
	0	60	1	11	2	92	3	57
	0	18	1	14	2	98	3	69
	0	73	1	98	2	82	3	85

	6	5	6	5	2	4	8	1	7	7	7	4	2	9	6	8	
	7	1	3	5	5	5	7	7	2	2	3	5	3	2	8	7	
	333	336	369	438	391	174	352	476	249	421	315	399	440	198	414	276	
	482	414	452	539	428	181	446	553	286	594	449	494	494	268	513	343	