16  4
2
	0	31	1	15	2	48	3	40
	0	48	1	27	2	53	3	37
	0	53	1	5	2	93	3	9
	0	95	1	8	2	85	3	33
	0	66	1	93	2	15	3	9
	0	34	1	29	2	92	3	40
	0	86	1	10	2	35	3	70
	0	78	1	1	2	63	3	75
	0	2	1	51	2	78	3	5
	0	65	1	61	2	80	3	23
	0	26	1	90	2	8	3	99
	0	3	1	38	2	32	3	48
	0	95	1	41	2	41	3	10
	0	53	1	64	2	85	3	26
	0	93	1	77	2	58	3	63
	0	49	1	51	2	63	3	68

	9	7	2	3	5	2	4	4	7	9	3	5	1	2	1	4	
	6	5	7	9	3	9	3	8	4	1	8	4	7	8	3	3	
	240	191	219	276	228	160	162	222	245	265	163	273	173	320	285	208	
	329	478	422	343	493	467	385	345	400	327	422	445	449	329	322	398	