16  4
2
	0	15	1	58	2	59	3	6
	0	68	1	76	2	62	3	61
	0	66	1	66	2	73	3	81
	0	63	1	61	2	61	3	40
	0	18	1	91	2	72	3	75
	0	86	1	97	2	72	3	97
	0	74	1	94	2	56	3	94
	0	38	1	8	2	39	3	43
	0	75	1	37	2	63	3	30
	0	52	1	19	2	95	3	5
	0	53	1	83	2	12	3	51
	0	50	1	28	2	67	3	43
	0	29	1	66	2	20	3	99
	0	23	1	13	2	54	3	83
	0	34	1	8	2	4	3	92
	0	47	1	10	2	97	3	41

	4	8	4	9	2	2	6	1	1	5	5	2	5	4	3	2	
	2	4	4	7	4	3	2	8	5	3	6	6	8	8	2	6	
	154	374	251	87	167	188	154	133	276	202	92	175	200	81	37	224	
	446	410	391	157	331	228	402	288	327	525	199	192	225	221	108	400	