16  4
2
	0	67	1	93	2	58	3	33
	0	32	1	42	2	30	3	63
	0	81	1	10	2	25	3	22
	0	92	1	6	2	3	3	66
	0	98	1	24	2	33	3	85
	0	62	1	10	2	94	3	91
	0	63	1	41	2	23	3	97
	0	29	1	76	2	3	3	60
	0	17	1	93	2	59	3	18
	0	11	1	96	2	17	3	33
	0	16	1	8	2	13	3	29
	0	51	1	38	2	75	3	80
	0	69	1	13	2	33	3	86
	0	60	1	11	2	92	3	57
	0	18	1	14	2	98	3	69
	0	73	1	98	2	82	3	85

	4	4	3	2	2	2	2	6	7	3	4	3	3	6	9	4	
	5	7	4	7	6	6	5	8	4	6	3	6	1	8	5	7	
	416	346	382	410	445	471	384	444	438	348	497	383	482	331	417	426	
	514	510	513	574	582	529	430	501	497	458	534	535	494	473	430	515	