16  4
2
	0	15	1	58	2	59	3	6
	0	68	1	76	2	62	3	61
	0	66	1	66	2	73	3	81
	0	63	1	61	2	61	3	40
	0	18	1	91	2	72	3	75
	0	86	1	97	2	72	3	97
	0	74	1	94	2	56	3	94
	0	38	1	8	2	39	3	43
	0	75	1	37	2	63	3	30
	0	52	1	19	2	95	3	5
	0	53	1	83	2	12	3	51
	0	50	1	28	2	67	3	43
	0	29	1	66	2	20	3	99
	0	23	1	13	2	54	3	83
	0	34	1	8	2	4	3	92
	0	47	1	10	2	97	3	41

	3	6	8	3	3	4	8	3	9	3	1	2	7	2	2	1	
	8	4	7	2	3	9	2	5	4	4	2	9	4	9	7	4	
	476	400	396	390	467	460	445	458	448	370	421	410	422	384	355	425	
	519	436	552	454	564	531	461	545	498	507	598	432	509	544	475	436	