16  4
2
	0	3	1	11	2	76	3	71
	0	37	1	22	2	87	3	66
	0	95	1	20	2	17	3	40
	0	57	1	88	2	6	3	27
	0	48	1	45	2	48	3	96
	0	51	1	5	2	5	3	30
	0	91	1	27	2	13	3	15
	0	99	1	55	2	99	3	79
	0	90	1	13	2	34	3	48
	0	97	1	16	2	6	3	68
	0	59	1	12	2	99	3	72
	0	51	1	60	2	96	3	45
	0	97	1	9	2	39	3	31
	0	14	1	31	2	32	3	90
	0	68	1	35	2	66	3	90
	0	52	1	58	2	81	3	97

	2	5	8	6	9	3	5	1	8	5	4	7	5	6	2	9	
	6	8	3	6	6	7	7	2	5	4	3	1	6	5	4	5	
	247	252	165	111	181	175	120	223	150	185	104	151	200	121	149	141	
	295	307	375	307	354	219	253	264	260	218	308	256	291	338	299	322	