16  4
2
	0	15	1	58	2	59	3	6
	0	68	1	76	2	62	3	61
	0	66	1	66	2	73	3	81
	0	63	1	61	2	61	3	40
	0	18	1	91	2	72	3	75
	0	86	1	97	2	72	3	97
	0	74	1	94	2	56	3	94
	0	38	1	8	2	39	3	43
	0	75	1	37	2	63	3	30
	0	52	1	19	2	95	3	5
	0	53	1	83	2	12	3	51
	0	50	1	28	2	67	3	43
	0	29	1	66	2	20	3	99
	0	23	1	13	2	54	3	83
	0	34	1	8	2	4	3	92
	0	47	1	10	2	97	3	41

	6	1	3	6	4	9	7	5	2	2	4	5	8	3	6	6	
	7	2	2	9	2	7	8	7	3	6	6	2	5	6	8	7	
	417	442	328	249	202	504	475	360	143	222	402	327	330	401	407	307	
	478	517	350	296	286	515	497	529	213	261	602	347	362	588	525	342	