16  5
2
	0	87	1	9	2	69	3	7	4	27
	0	33	1	41	2	45	3	68	4	9
	0	11	1	47	2	14	3	87	4	74
	0	62	1	97	2	4	3	16	4	89
	0	46	1	39	2	46	3	17	4	45
	0	25	1	74	2	57	3	50	4	85
	0	37	1	49	2	48	3	82	4	19
	0	49	1	44	2	36	3	41	4	33
	0	27	1	17	2	7	3	83	4	47
	0	25	1	16	2	44	3	21	4	21
	0	94	1	44	2	10	3	71	4	16
	0	40	1	72	2	4	3	83	4	31
	0	78	1	7	2	15	3	33	4	22
	0	17	1	56	2	23	3	89	4	56
	0	97	1	86	2	52	3	42	4	86
	0	40	1	1	2	69	3	42	4	1

	7	7	2	5	5	5	8	7	7	4	1	3	3	1	1	3	
	4	8	1	6	5	4	2	7	8	4	5	2	7	3	5	2	
	56	54	364	164	130	53	310	117	324	311	125	160	145	261	150	193	
	77	65	375	227	140	66	320	126	412	391	139	169	173	319	170	198	