16  4
2
	0	6	1	95	2	17	3	95
	0	40	1	43	2	15	3	58
	0	46	1	49	2	59	3	37
	0	85	1	92	2	86	3	58
	0	98	1	49	2	88	3	24
	0	88	1	9	2	93	3	76
	0	46	1	41	2	3	3	59
	0	36	1	42	2	15	3	90
	0	69	1	6	2	60	3	27
	0	14	1	89	2	36	3	89
	0	18	1	77	2	16	3	80
	0	67	1	62	2	54	3	94
	0	91	1	99	2	42	3	38
	0	78	1	96	2	59	3	78
	0	75	1	48	2	30	3	91
	0	86	1	30	2	2	3	1

	9	3	8	4	8	6	3	6	3	2	4	8	6	8	2	6	
	7	5	5	7	3	9	7	7	4	7	2	1	4	1	8	9	
	503	398	38	119	116	77	235	103	296	476	244	0	108	13	109	0	
	560	674	81	232	257	100	373	242	587	596	295	0	113	20	184	0	