16  4
2
	0	67	1	93	2	58	3	33
	0	32	1	42	2	30	3	63
	0	81	1	10	2	25	3	22
	0	92	1	6	2	3	3	66
	0	98	1	24	2	33	3	85
	0	62	1	10	2	94	3	91
	0	63	1	41	2	23	3	97
	0	29	1	76	2	3	3	60
	0	17	1	93	2	59	3	18
	0	11	1	96	2	17	3	33
	0	16	1	8	2	13	3	29
	0	51	1	38	2	75	3	80
	0	69	1	13	2	33	3	86
	0	60	1	11	2	92	3	57
	0	18	1	14	2	98	3	69
	0	73	1	98	2	82	3	85

	8	2	7	8	8	1	3	3	1	8	9	8	7	1	4	5	
	9	3	8	1	6	5	5	1	8	6	3	8	3	8	7	8	
	384	245	305	233	320	243	410	450	355	281	469	252	195	405	521	343	
	842	392	403	500	795	398	803	779	667	599	600	607	386	761	595	897	