16  5
2
	0	10	1	37	2	42	3	48	4	97
	0	25	1	45	2	57	3	46	4	63
	0	85	1	14	2	53	3	19	4	2
	0	26	1	42	2	25	3	40	4	64
	0	44	1	70	2	45	3	80	4	26
	0	90	1	70	2	20	3	84	4	53
	0	19	1	5	2	35	3	5	4	66
	0	15	1	39	2	43	3	31	4	88
	0	64	1	26	2	70	3	16	4	68
	0	17	1	46	2	90	3	48	4	39
	0	79	1	63	2	96	3	4	4	62
	0	96	1	66	2	3	3	40	4	12
	0	15	1	2	2	56	3	91	4	94
	0	69	1	14	2	71	3	15	4	37
	0	25	1	30	2	73	3	53	4	27
	0	65	1	53	2	94	3	98	4	20

	4	2	7	5	7	8	7	4	8	6	3	7	6	7	6	6	
	2	5	6	3	2	8	4	2	9	5	8	3	9	6	2	6	
	173	243	243	242	401	245	180	223	445	125	109	239	363	201	166	152	
	463	397	362	396	428	681	536	255	511	289	256	267	604	474	314	356	