16  5
2
	0	87	1	9	2	69	3	7	4	27
	0	33	1	41	2	45	3	68	4	9
	0	11	1	47	2	14	3	87	4	74
	0	62	1	97	2	4	3	16	4	89
	0	46	1	39	2	46	3	17	4	45
	0	25	1	74	2	57	3	50	4	85
	0	37	1	49	2	48	3	82	4	19
	0	49	1	44	2	36	3	41	4	33
	0	27	1	17	2	7	3	83	4	47
	0	25	1	16	2	44	3	21	4	21
	0	94	1	44	2	10	3	71	4	16
	0	40	1	72	2	4	3	83	4	31
	0	78	1	7	2	15	3	33	4	22
	0	17	1	56	2	23	3	89	4	56
	0	97	1	86	2	52	3	42	4	86
	0	40	1	1	2	69	3	42	4	1

	7	4	9	3	8	6	5	9	9	5	3	5	2	3	4	5	
	1	7	5	5	6	6	2	7	7	8	8	2	2	2	1	5	
	212	187	196	236	124	253	581	298	250	199	338	665	200	328	424	225	
	559	271	505	516	356	294	651	471	713	485	623	683	497	967	860	534	