16  4
2
	0	6	1	95	2	17	3	95
	0	40	1	43	2	15	3	58
	0	46	1	49	2	59	3	37
	0	85	1	92	2	86	3	58
	0	98	1	49	2	88	3	24
	0	88	1	9	2	93	3	76
	0	46	1	41	2	3	3	59
	0	36	1	42	2	15	3	90
	0	69	1	6	2	60	3	27
	0	14	1	89	2	36	3	89
	0	18	1	77	2	16	3	80
	0	67	1	62	2	54	3	94
	0	91	1	99	2	42	3	38
	0	78	1	96	2	59	3	78
	0	75	1	48	2	30	3	91
	0	86	1	30	2	2	3	1

	5	1	5	3	8	9	8	3	3	9	3	2	2	8	1	7	
	6	7	4	8	9	2	5	8	7	9	3	2	3	6	7	8	
	431	337	389	317	168	362	382	334	344	251	135	647	253	430	534	106	
	582	727	605	428	453	678	898	747	486	406	318	795	333	671	768	274	