16  5
2
	0	49	1	27	2	35	3	19	4	48
	0	17	1	75	2	18	3	10	4	79
	0	24	1	86	2	32	3	36	4	21
	0	25	1	62	2	19	3	96	4	45
	0	44	1	35	2	15	3	67	4	37
	0	86	1	51	2	67	3	14	4	56
	0	14	1	68	2	52	3	9	4	62
	0	84	1	94	2	89	3	78	4	51
	0	41	1	12	2	84	3	99	4	80
	0	51	1	38	2	74	3	7	4	8
	0	27	1	87	2	47	3	6	4	43
	0	63	1	9	2	18	3	24	4	15
	0	32	1	57	2	86	3	59	4	82
	0	67	1	75	2	62	3	44	4	91
	0	21	1	66	2	83	3	27	4	72
	0	49	1	98	2	70	3	44	4	8

	2	4	3	4	2	3	5	8	5	9	8	4	9	7	1	4	
	2	4	1	6	6	9	7	2	2	2	3	7	6	4	4	8	
	300	402	413	357	369	346	333	324	312	369	274	288	316	304	382	403	
	425	447	433	425	448	467	395	368	382	448	377	403	408	333	434	445	