16  4
2
	0	3	1	11	2	76	3	71
	0	37	1	22	2	87	3	66
	0	95	1	20	2	17	3	40
	0	57	1	88	2	6	3	27
	0	48	1	45	2	48	3	96
	0	51	1	5	2	5	3	30
	0	91	1	27	2	13	3	15
	0	99	1	55	2	99	3	79
	0	90	1	13	2	34	3	48
	0	97	1	16	2	6	3	68
	0	59	1	12	2	99	3	72
	0	51	1	60	2	96	3	45
	0	97	1	9	2	39	3	31
	0	14	1	31	2	32	3	90
	0	68	1	35	2	66	3	90
	0	52	1	58	2	81	3	97

	3	3	2	3	2	6	4	2	6	6	8	1	8	5	4	5	
	2	5	7	2	3	8	4	5	7	8	5	4	4	3	8	5	
	127	19	159	24	0	0	181	230	29	278	116	167	308	203	0	80	
	223	55	464	71	0	0	444	245	60	600	154	328	479	395	0	126	