16  4
2
	0	31	1	15	2	48	3	40
	0	48	1	27	2	53	3	37
	0	53	1	5	2	93	3	9
	0	95	1	8	2	85	3	33
	0	66	1	93	2	15	3	9
	0	34	1	29	2	92	3	40
	0	86	1	10	2	35	3	70
	0	78	1	1	2	63	3	75
	0	2	1	51	2	78	3	5
	0	65	1	61	2	80	3	23
	0	26	1	90	2	8	3	99
	0	3	1	38	2	32	3	48
	0	95	1	41	2	41	3	10
	0	53	1	64	2	85	3	26
	0	93	1	77	2	58	3	63
	0	49	1	51	2	63	3	68

	9	2	2	2	3	3	1	8	4	5	3	8	6	4	7	3	
	1	2	1	5	3	1	1	6	7	2	6	1	4	6	8	9	
	299	312	192	179	165	122	234	225	297	135	79	55	108	84	199	134	
	308	346	212	214	205	161	268	311	415	173	93	73	131	111	279	148	