16  5
2
	0	10	1	37	2	42	3	48	4	97
	0	25	1	45	2	57	3	46	4	63
	0	85	1	14	2	53	3	19	4	2
	0	26	1	42	2	25	3	40	4	64
	0	44	1	70	2	45	3	80	4	26
	0	90	1	70	2	20	3	84	4	53
	0	19	1	5	2	35	3	5	4	66
	0	15	1	39	2	43	3	31	4	88
	0	64	1	26	2	70	3	16	4	68
	0	17	1	46	2	90	3	48	4	39
	0	79	1	63	2	96	3	4	4	62
	0	96	1	66	2	3	3	40	4	12
	0	15	1	2	2	56	3	91	4	94
	0	69	1	14	2	71	3	15	4	37
	0	25	1	30	2	73	3	53	4	27
	0	65	1	53	2	94	3	98	4	20

	6	7	1	5	3	5	6	5	4	7	7	2	4	6	8	8	
	2	8	7	7	5	1	8	7	3	2	9	4	4	5	9	2	
	317	280	371	239	271	261	290	340	274	331	303	261	248	279	359	243	
	412	349	383	352	356	345	424	347	326	409	329	352	334	289	399	328	