16  4
2
	0	6	1	95	2	17	3	95
	0	40	1	43	2	15	3	58
	0	46	1	49	2	59	3	37
	0	85	1	92	2	86	3	58
	0	98	1	49	2	88	3	24
	0	88	1	9	2	93	3	76
	0	46	1	41	2	3	3	59
	0	36	1	42	2	15	3	90
	0	69	1	6	2	60	3	27
	0	14	1	89	2	36	3	89
	0	18	1	77	2	16	3	80
	0	67	1	62	2	54	3	94
	0	91	1	99	2	42	3	38
	0	78	1	96	2	59	3	78
	0	75	1	48	2	30	3	91
	0	86	1	30	2	2	3	1

	3	6	3	4	4	4	6	2	8	8	2	8	8	6	7	6	
	8	8	7	6	8	9	4	1	4	9	7	8	4	5	7	9	
	275	281	196	242	243	210	289	289	196	247	219	190	261	193	269	263	
	311	322	259	279	314	282	301	332	280	292	267	202	316	256	321	312	