16  5
2
	0	49	1	27	2	35	3	19	4	48
	0	17	1	75	2	18	3	10	4	79
	0	24	1	86	2	32	3	36	4	21
	0	25	1	62	2	19	3	96	4	45
	0	44	1	35	2	15	3	67	4	37
	0	86	1	51	2	67	3	14	4	56
	0	14	1	68	2	52	3	9	4	62
	0	84	1	94	2	89	3	78	4	51
	0	41	1	12	2	84	3	99	4	80
	0	51	1	38	2	74	3	7	4	8
	0	27	1	87	2	47	3	6	4	43
	0	63	1	9	2	18	3	24	4	15
	0	32	1	57	2	86	3	59	4	82
	0	67	1	75	2	62	3	44	4	91
	0	21	1	66	2	83	3	27	4	72
	0	49	1	98	2	70	3	44	4	8

	7	8	4	4	6	2	4	2	8	1	7	7	8	4	3	3	
	5	5	6	7	8	8	3	4	8	2	1	7	3	5	2	4	
	263	378	142	68	284	76	92	263	182	137	182	206	278	179	184	262	
	536	397	207	115	331	203	139	312	474	295	469	441	596	494	347	454	