16  4
2
	0	6	1	95	2	17	3	95
	0	40	1	43	2	15	3	58
	0	46	1	49	2	59	3	37
	0	85	1	92	2	86	3	58
	0	98	1	49	2	88	3	24
	0	88	1	9	2	93	3	76
	0	46	1	41	2	3	3	59
	0	36	1	42	2	15	3	90
	0	69	1	6	2	60	3	27
	0	14	1	89	2	36	3	89
	0	18	1	77	2	16	3	80
	0	67	1	62	2	54	3	94
	0	91	1	99	2	42	3	38
	0	78	1	96	2	59	3	78
	0	75	1	48	2	30	3	91
	0	86	1	30	2	2	3	1

	1	3	3	8	7	3	5	6	3	2	4	2	3	7	7	3	
	3	7	5	6	2	6	9	8	2	7	6	8	4	5	4	7	
	153	166	283	171	231	205	145	140	268	238	141	161	212	192	196	175	
	333	368	318	368	386	299	234	245	300	281	332	368	351	229	200	227	