16  5
2
	0	15	1	55	2	5	3	87	4	46
	0	94	1	42	2	12	3	37	4	49
	0	82	1	69	2	98	3	26	4	26
	0	88	1	38	2	19	3	3	4	48
	0	63	1	41	2	96	3	65	4	86
	0	51	1	86	2	49	3	28	4	6
	0	8	1	99	2	58	3	90	4	94
	0	66	1	34	2	97	3	50	4	99
	0	94	1	45	2	62	3	55	4	38
	0	73	1	51	2	44	3	97	4	52
	0	21	1	28	2	83	3	82	4	61
	0	8	1	51	2	93	3	98	4	57
	0	24	1	40	2	19	3	91	4	78
	0	78	1	97	2	84	3	64	4	59
	0	2	1	60	2	28	3	71	4	64
	0	36	1	42	2	31	3	49	4	85

	8	9	8	7	5	6	4	7	5	6	2	1	3	4	5	5	
	4	4	6	8	3	7	2	7	6	5	7	7	7	7	6	7	
	361	343	504	448	647	523	313	600	288	586	480	563	306	550	669	431	
	413	490	656	537	720	706	462	812	403	664	590	793	403	658	733	448	