16  4
2
	0	31	1	15	2	48	3	40
	0	48	1	27	2	53	3	37
	0	53	1	5	2	93	3	9
	0	95	1	8	2	85	3	33
	0	66	1	93	2	15	3	9
	0	34	1	29	2	92	3	40
	0	86	1	10	2	35	3	70
	0	78	1	1	2	63	3	75
	0	2	1	51	2	78	3	5
	0	65	1	61	2	80	3	23
	0	26	1	90	2	8	3	99
	0	3	1	38	2	32	3	48
	0	95	1	41	2	41	3	10
	0	53	1	64	2	85	3	26
	0	93	1	77	2	58	3	63
	0	49	1	51	2	63	3	68

	7	3	3	7	7	3	7	7	6	3	4	9	5	4	3	6	
	2	3	4	3	3	4	5	2	5	1	3	4	9	3	6	7	
	543	483	439	345	516	173	327	334	583	243	304	280	178	192	171	406	
	731	498	526	433	685	250	379	427	646	288	374	314	214	211	219	594	