16  5
2
	0	49	1	27	2	35	3	19	4	48
	0	17	1	75	2	18	3	10	4	79
	0	24	1	86	2	32	3	36	4	21
	0	25	1	62	2	19	3	96	4	45
	0	44	1	35	2	15	3	67	4	37
	0	86	1	51	2	67	3	14	4	56
	0	14	1	68	2	52	3	9	4	62
	0	84	1	94	2	89	3	78	4	51
	0	41	1	12	2	84	3	99	4	80
	0	51	1	38	2	74	3	7	4	8
	0	27	1	87	2	47	3	6	4	43
	0	63	1	9	2	18	3	24	4	15
	0	32	1	57	2	86	3	59	4	82
	0	67	1	75	2	62	3	44	4	91
	0	21	1	66	2	83	3	27	4	72
	0	49	1	98	2	70	3	44	4	8

	7	4	8	2	6	4	4	7	8	7	7	9	6	2	7	9	
	7	8	9	5	8	4	3	8	8	6	3	3	2	7	7	6	
	197	219	197	188	168	174	178	175	217	267	151	160	217	201	271	196	
	360	339	235	202	297	433	317	373	331	332	271	354	389	322	348	243	